1,989,988,5,998,4,21
2,11,948,938,939,9,10
3,957,958,15,16,974,17
4,5,1,23,22,43,21
5,1,998,4,6,23,24
6,7,25,996,998,5,24
7,465,995,25,6,26,996
8,9,28,982,27,939,954
9,28,8,29,10,2,939
10,29,9,2,30,31,11
11,31,32,2,948,12,10
12,32,33,13,947,11,948
13,953,14,34,33,12,947
14,953,13,958,15,35,34
15,958,3,14,35,36,16
16,38,17,36,15,37,3
17,38,16,18,39,3,974
18,974,976,17,39,40,19
19,979,976,20,41,40,18
20,42,41,979,989,19,21
21,42,43,4,1,20,989
22,23,45,44,67,4,43
23,45,46,22,24,4,5
24,47,25,46,23,6,5
25,47,24,7,6,26,48
26,25,7,48,502,482,465
27,982,8,525,49,28,501
28,9,8,29,49,50,27
29,28,9,10,30,51,50
30,31,53,52,51,29,10
31,11,32,30,53,54,10
32,31,11,12,33,55,54
33,13,34,32,12,55,56
34,13,33,57,56,14,35
35,36,58,14,15,34,57
36,35,58,15,16,37,59
37,60,61,59,36,16,38
38,39,62,16,17,37,61
39,38,62,40,63,17,18
40,39,63,64,19,41,18
41,42,20,65,64,19,40
42,41,20,43,66,21,65
43,4,22,66,67,42,21
44,69,68,94,67,22,45
45,23,46,22,70,69,44
46,71,70,45,23,24,47
47,24,25,46,72,71,48
48,72,73,26,502,25,47
49,74,581,28,50,525,27,551
50,49,28,75,74,51,29
51,52,76,75,30,50,29
52,53,78,77,51,76,30
53,78,52,30,31,79,54
54,80,55,79,32,53,31
55,56,81,33,32,80,54
56,81,55,33,57,34,82
57,83,82,56,34,35,58
58,35,36,84,83,57,59
59,37,60,36,84,58,85
60,37,61,86,87,59,85
61,60,37,87,88,62,38
62,89,88,38,39,61,63
63,64,90,39,40,89,62
64,65,41,63,90,91,40
65,64,41,91,92,42,66
66,43,67,93,92,42,65
67,94,44,22,66,43,93
68,69,44,95,96,94,124
69,68,44,70,97,96,45
70,97,98,71,46,69,45
71,99,98,72,70,46,47
72,99,71,100,73,48,47
73,502,526,100,72,552,48
74,49,581,101,102,75,50
75,103,102,76,74,50,51
76,104,103,75,51,52,77
77,78,106,52,105,76,104
78,106,107,77,53,52,79
79,78,107,108,80,54,53
80,108,109,81,54,55,79
81,82,110,56,55,109,80
82,81,110,83,57,56,111
83,112,84,111,82,57,58
84,112,83,58,59,85,113
85,60,86,114,113,59,84
86,116,115,87,60,85,114
87,116,86,60,61,117,88
88,118,117,89,62,87,61
89,88,62,119,90,118,63
90,91,120,63,64,119,89
91,120,90,64,65,121,92
92,122,121,93,66,91,65
93,123,122,94,92,66,67
94,67,44,68,124,123,93
95,125,126,124,157,68,96
96,126,127,97,69,95,68
97,70,98,69,96,127,128
98,99,71,97,70,128,129
99,98,71,72,129,130,100
100,131,130,99,72,73,552
101,581,74,613,132,102
102,103,75,133,132,101,74
103,102,75,133,76,104,134
104,135,105,134,76,103,77
105,135,104,136,137,106,77
106,138,137,78,107,77,105
107,106,78,139,108,138,79
108,139,107,109,140,80,79
109,141,140,108,110,81,80
110,81,82,109,141,111,142
111,83,112,110,82,143,142
112,83,84,111,144,143,113
113,114,145,85,84,112,144
114,145,113,146,115,85,86
115,147,146,116,86,148,114
116,149,117,115,86,87,148
117,150,149,116,88,118,87
118,151,150,88,117,119,89
119,118,151,89,90,120,152
120,91,90,152,153,121,119
121,154,153,120,122,92,91
122,93,123,155,121,154,92
123,156,155,93,122,124,94
124,95,157,156,123,94,68
125,95,126,194,157,158,159
126,96,127,125,95,160,159
127,126,96,97,160,161,128
128,98,129,162,127,97,161
129,130,163,128,98,162,99
130,129,163,99,100,131,164
131,100,130,164,165,552
132,613,101,102,133,166,167
133,102,103,132,134,168,167
134,135,104,169,168,133,103
135,104,105,134,169,170,136
136,171,170,105,137,172,135
137,106,138,172,173,136,105
138,106,137,174,173,139,107
139,175,174,138,140,107,108
140,141,109,139,175,176,108
141,142,177,140,109,110,176
142,177,141,143,178,111,110
143,112,144,111,178,142,179
144,179,180,145,112,143,113
145,146,181,114,113,180,144
146,181,145,147,115,182,114
147,146,115,182,148,184,183
148,184,185,149,116,115,147
149,117,150,186,185,116,148
150,117,149,151,118,186,187
151,150,118,188,187,119,152
152,189,153,120,151,188,119
153,121,154,189,152,120,190
154,121,153,190,155,191,122
155,123,156,192,191,122,154
156,123,155,192,157,193,124
157,124,95,125,194,193,156
158,195,233,196,194,125,159
159,126,160,125,158,196,197
160,197,198,126,127,159,161
161,160,127,198,199,162,128
162,128,129,161,199,200,163
163,129,130,201,164,200,162
164,201,163,165,202,130,131
165,649,202,614,582,164,552,131
166,687,203,132,167,648,613
167,168,204,203,166,132,133
168,167,204,169,205,134,133
169,205,206,170,168,134,135
170,169,206,171,136,207,135
171,208,207,170,136,172,209
172,137,173,210,209,171,136
173,174,138,172,137,211,210
174,139,175,173,138,211,212
175,176,213,139,174,212,140
176,175,213,214,140,141,177
177,178,215,142,141,214,176
178,215,177,216,179,143,142
179,144,180,216,217,178,143
180,179,144,145,217,218,181
181,146,145,182,180,218,219
182,147,146,181,183,220,219
183,220,221,182,147,222,184
184,148,185,147,223,222,183
185,184,148,186,149,224,223
186,185,149,224,225,150,187
187,188,151,186,225,226,150
188,187,151,152,189,227,226
189,152,153,188,227,190,228
190,153,189,154,191,229,228
191,230,229,190,155,192,154
192,193,231,155,191,230,156
193,232,194,231,192,157,156
194,232,193,233,125,157,158
195,196,235,233,158,276,234
196,195,235,158,197,236,159
197,160,198,196,236,237,159
198,197,160,161,237,199,238
199,200,239,198,161,238,162
200,239,199,163,201,240,162
201,163,164,200,240,202,241
202,649,165,241,242,201,164
203,204,244,687,166,167,243
204,167,168,203,244,205,245
205,169,206,168,245,204,246
206,246,247,205,169,207,170
207,208,171,247,206,248,170
208,209,250,207,171,248,249
209,208,250,210,172,251,171
210,252,251,209,172,173,211
211,253,212,173,174,210,252
212,253,211,175,213,254,174
213,175,176,255,254,212,214
214,215,256,177,213,176,255
215,178,177,214,256,216,257
216,258,257,179,217,178,215
217,259,258,216,179,180,218
218,219,260,259,217,180,181
219,220,261,260,218,181,182
220,219,261,183,221,262,182
221,220,183,263,262,222,264
222,265,264,221,183,184,223
223,265,266,184,222,224,185
224,185,186,266,223,267,225
225,268,226,267,224,186,187
226,227,269,268,225,187,188
227,228,270,269,226,189,188
228,227,270,189,190,229,271
229,191,230,190,228,272,271
230,191,229,192,231,273,272
231,274,273,193,192,230,232
232,193,194,274,275,233,231
233,232,194,276,275,195,158
234,235,278,320,277,276,195
235,278,234,279,195,196,236
236,235,279,280,196,197,237
237,281,238,197,198,280,236
238,281,237,199,239,282,198
239,200,199,238,282,283,240
240,284,283,239,241,200,201
241,285,284,240,202,242,201
242,688,729,649,241,202,285
243,286,772,244,687,203,728
244,243,286,287,203,204,245
245,205,204,287,244,288,246
246,206,247,205,289,288,245
247,246,206,207,248,290,289
248,290,291,249,207,208,247
249,291,248,293,292,208,250
250,208,209,293,294,251,249
251,252,210,295,294,250,209
252,251,210,296,253,211,295
253,211,212,297,254,296,252
254,297,253,213,255,298,212
255,213,254,299,298,256,214
256,214,215,257,300,299,255
257,256,300,258,216,301,215
258,217,259,257,216,301,302
259,217,258,302,303,218,260
260,219,218,261,304,259,303
261,219,220,304,260,262,305
262,263,306,261,220,305,221
263,306,262,221,307,264
264,308,307,265,222,221,263
265,223,266,264,222,308,309
266,265,223,310,309,224,267
267,311,310,224,266,225,268
268,226,269,225,312,311,267
269,227,226,268,313,312,270
270,227,228,314,313,269,271
271,315,314,272,229,270,228
272,316,315,271,273,230,229
273,231,274,317,316,272,230
274,231,273,232,275,318,317
275,274,232,233,276,319,318
276,233,275,319,195,320,234
277,278,322,321,362,320,234
278,277,322,279,323,235,234
279,323,278,235,236,280,324
280,236,279,324,325,237,281
281,237,238,325,280,282,326
282,327,326,283,281,238,239
283,327,282,284,240,239,328
284,283,240,285,241,328,329
285,729,330,284,241,329,242
286,243,772,244,287,849,814,331
287,288,332,244,286,245,331
288,333,289,332,287,245,246
289,333,288,334,290,247,246
290,248,291,335,334,247,289
291,290,248,335,336,292,249
292,336,291,337,338,293,249
293,250,294,339,338,292,249
294,293,250,295,251,340,339
295,294,251,296,341,252,340
296,253,297,342,252,341,295
297,343,342,298,253,254,296
298,297,343,344,299,255,254
299,300,345,344,298,256,255
300,299,345,256,257,346,301
301,300,346,257,258,347,302
302,348,347,259,303,301,258
303,349,348,302,259,260,304
304,261,260,305,349,303,350
305,350,306,304,261,262
306,350,305,263,262,385,307
307,351,308,264,408,386,385,306,263
308,351,307,264,309,265
309,266,310,351,308,265
310,311,267,266,309,351,352
311,310,267,312,353,268,352
312,313,354,353,311,268,269
313,312,354,270,314,355,269
314,270,313,355,271,315,356
315,316,272,271,314,356,357
316,358,357,315,272,273,317
317,318,274,273,316,358,359
318,360,319,317,274,275,359
319,360,318,275,276,320,361
320,361,362,277,234,276,319
321,322,364,362,277,363,396
322,277,278,321,364,323,365
323,279,278,324,366,365,322
324,366,323,280,279,325,367
325,280,324,281,367,368,326
326,327,282,368,325,369,281
327,326,282,283,370,369,328
328,327,283,284,370,371,329
329,284,328,371,330,285
330,285,729,371,329,773
331,849,372,332,287,286
332,288,287,331,372,333
333,288,289,334,372,332
334,333,372,335,290,289
335,290,291,336,372,334
336,337,372,291,292,335
337,373,338,372,336,292
338,373,337,339,374,293,292
339,374,338,340,294,293,375
340,339,294,376,375,295,341
341,377,342,296,295,376,340
342,297,343,378,377,341,296
343,297,342,298,344,379,378
344,343,298,299,345,380,379
345,381,346,299,300,380,344
346,381,345,300,301,347,382
347,348,383,302,382,346,301
348,383,347,302,349,303,384
349,348,303,385,384,304,350
350,305,306,385,349,304
351,307,308,310,309,386,352
352,351,310,311,386,353
353,354,387,312,311,386,352
354,312,313,353,387,355,388
355,313,314,388,354,389,356
356,390,389,314,315,355,357
357,358,316,315,356,390,391
358,357,316,359,392,391,317
359,392,358,360,393,317,318
360,318,319,393,359,394,361
361,395,394,362,320,360,319
362,321,277,361,395,396,320
363,434,417,396,364,321
364,321,322,363,434,365
365,323,366,322,434,364
366,324,323,365,367,434
367,434,366,368,324,325
368,434,367,325,369,326
369,434,368,326,327,370
370,327,369,434,328,371
371,815,434,370,328,329,330,773
372,418,435,849,331,397,333,334,337,373,336,335,332,846,847,848,845,844
373,337,338,397,374,372
374,397,398,339,338,375,373
375,376,399,398,374,340,339
376,399,375,377,400,340,341
377,400,376,401,378,341,342
378,402,401,343,379,377,342
379,343,378,403,402,380,344
380,345,381,404,379,403,344
381,345,346,380,405,404,382
382,347,383,406,405,381,346
383,348,347,382,407,406,384
384,385,349,407,383,348
385,384,349,452,407,350,306,307,408,453
386,387,353,408,307,351,352
387,353,354,386,408,388
388,389,409,355,354,408,387
389,388,409,410,390,356,355
390,411,410,391,389,356,357
391,412,411,390,392,357,358
392,359,358,412,391,393,413
393,414,394,360,359,413,392
394,414,393,361,395,415,360
395,361,394,416,396,415,362
396,417,363,416,395,362,321
397,374,398,418,372,373
398,397,374,418,375,419,399
399,376,375,420,419,400,398
400,420,399,377,376,401,421
401,402,422,378,421,400,377
402,401,422,378,423,403,379
403,404,424,402,379,380,423
404,425,424,405,381,403,380
405,404,381,406,382,426,425
406,407,383,405,382,426
407,406,383,426,452,385,384
408,387,386,307,427,442,388,409,385,453
409,388,389,427,408,410
410,390,411,389,409,427
411,390,410,412,391,427,428
412,413,429,411,391,428,392
413,412,429,393,392,430,414
414,393,394,430,413,415,431
415,394,414,431,432,416,395
416,395,396,433,432,417,415
417,363,434,396,433,416
418,372,435,397,398,419
419,420,436,399,435,418,398
420,436,419,399,400,421,437
421,422,438,401,437,420,400
422,421,438,401,402,439,423
423,440,439,422,402,403,424
424,404,425,441,440,403,423
425,404,424,426,441,405
426,441,425,405,407,406,452
427,442,408,409,410,428,411
428,429,412,427,442,411
429,412,413,428,442,430,443
430,413,414,444,443,429,431
431,444,445,414,430,432,415
432,431,445,433,446,416,415
433,432,446,447,434,417,416
434,363,417,367,366,368,433,447,371,815,364,365,369,370
435,372,418,448,457,436,419,461
436,437,448,435,420,419
437,438,449,448,436,421,420
438,421,422,450,449,437,439
439,423,440,451,450,438,422
440,423,439,452,451,441,424
441,426,425,452,440,424
442,453,443,427,408,428,429
443,453,442,444,430,429
444,453,443,431,445,430,454
445,446,455,444,431,454,432
446,445,455,456,432,433,447
447,460,456,446,433,434
448,435,457,449,437,436
449,450,438,437,448,457,458
450,449,438,451,439,458,459
451,450,439,459,452,440
452,461,459,451,440,441,426,407,385
453,442,443,454,460,444,385,408
454,453,460,444,445,455
455,445,446,456,460,454
456,460,447,455,446
457,435,448,449,458,461
458,457,449,461,459,450
459,461,452,458,450,451
460,456,447,455,453,454
461,459,452,458,457,435
462,992,994,466,467,463
463,468,469,462,992,986,470,467
464,473,925,924,474,475,916
465,7,995,994,466,482,26
466,462,467,994,465,483,482
467,466,462,484,483,468,463
468,469,486,463,485,484,467
469,486,487,470,468,463
470,967,471,487,469,463,986,488
471,489,488,470,967,472,949
472,925,473,949,490,489,471
473,925,472,464,490,474,491
474,493,492,473,464,491,475
475,493,494,464,474,476,916
476,923,477,475,494,495,916
477,476,923,478,932,495,496
478,477,932,943,496,497,479
479,480,985,498,497,943,478
480,499,498,479,985,481,500
481,985,480,500,982,501
482,502,26,466,465,483,503
483,504,484,467,466,482,503
484,505,485,504,483,468,467
485,505,484,468,486,507,506
486,487,508,469,468,507,485
487,508,486,469,488,509,470
488,489,510,471,487,509,470
489,511,490,488,510,471,472
490,511,489,491,512,472,473
491,512,490,513,492,473,474
492,493,474,514,513,491,515
493,492,474,475,494,516,515
494,517,495,493,475,516,476
495,477,496,517,494,518,476
496,495,477,519,497,478,518
497,498,479,519,496,478,520
498,499,480,497,479,521,520
499,498,480,522,521,500,523
500,501,524,481,480,499,523
501,524,500,525,27,982,481
502,526,73,48,26,482,503
503,527,526,482,502,483,504
504,483,484,527,503,505,528
505,506,529,484,485,528,504
506,529,505,530,507,531,485
507,506,531,508,532,486,485
508,487,486,532,507,509,533
509,487,488,534,510,533,508
510,488,489,534,509,535,511
511,489,490,512,536,535,510
512,491,490,511,536,513,537
513,514,538,492,491,512,537
514,539,538,513,492,515,540
515,492,514,516,493,540,541
516,542,541,517,515,493,494
517,518,543,494,495,542,516
518,543,517,544,495,496,519
519,496,497,520,544,545,518
520,497,519,498,521,546,545
521,499,522,546,547,498,520
522,499,521,523,548,547,549
523,500,524,550,499,522,549
524,525,551,501,500,523,550
525,551,524,27,49,501
526,502,73,503,527,552,553
527,503,526,504,554,528,553
528,529,555,554,505,527,504
529,506,505,528,555,530,556
530,506,529,557,556,531,558
531,506,507,532,559,530,558
532,508,507,533,559,531,560
533,534,561,509,532,508,560
534,561,533,509,510,562,535
535,510,511,534,562,563,536
536,511,512,535,563,564,537
537,565,564,512,513,536,538
538,539,514,513,537,565,566
539,538,514,566,540,568,567
540,569,568,541,539,514,515
541,542,516,569,540,570,515
542,541,516,543,571,570,517
543,518,517,542,571,572,544
544,572,573,543,518,519,545
545,573,574,544,519,546,520
546,574,575,521,547,545,520
547,546,521,576,575,522,548
548,578,577,549,522,547,576
549,548,578,523,550,522,579
550,551,580,524,523,549,579
551,525,524,581,49,580,550
552,553,582,165,73,100,526,131
553,583,582,552,554,527,526
554,555,584,583,553,528,527
555,584,554,528,529,585,556
556,557,530,529,555,585,586
557,556,530,586,558,587,588
558,588,589,559,530,531,557
559,590,589,560,532,531,558
560,590,559,533,561,532,591
561,534,533,562,560,591,592
562,561,534,535,592,593,563
563,594,593,535,562,564,536
564,565,537,594,563,595,536
565,564,537,596,566,538,595
566,596,565,538,539,597,567
567,568,599,597,598,566,539
568,567,599,540,569,600,539
569,540,568,600,601,570,541
570,542,571,601,569,602,541
571,602,603,542,543,570,572
572,571,603,543,544,573,604
573,545,574,572,544,605,604
574,546,575,606,605,573,545
575,574,546,576,607,547,606
576,608,607,575,547,577,548
577,578,548,608,576,610,609
578,577,548,549,579,611,610
579,580,612,578,611,550,549
580,581,613,612,579,551,550
581,49,74,580,613,101,551
582,615,583,614,165,553,552
583,616,584,615,582,553,554
584,616,583,555,554,585,617
585,584,555,617,556,618,586
586,618,585,556,619,587,557
587,621,588,620,619,586,557
588,558,589,622,621,587,557
589,588,558,622,623,590,559
590,589,559,560,623,624,591
591,592,625,561,624,590,560
592,593,626,625,591,561,562
593,592,626,563,594,562,627
594,595,628,563,593,627,564
595,594,628,629,596,564,565
596,629,630,565,566,595,597
597,567,598,630,596,566,631
598,597,567,631,633,632,599
599,634,633,567,568,600,598
600,634,599,569,568,635,601
601,635,636,569,570,600,602
602,603,637,571,570,601,636
603,602,637,571,572,638,604
604,638,603,639,605,572,573
605,574,606,640,639,604,573
606,574,605,607,641,575,640
607,608,576,575,642,641,606
608,607,576,643,642,577,609
609,645,644,643,608,577,610
610,646,645,577,609,611,578
611,646,647,578,579,610,612
612,580,579,613,648,647,611
613,580,581,101,132,648,166,612
614,165,582,615,650,649
615,582,583,650,614,651,616
616,583,584,615,617,652,651
617,616,584,585,652,653,618
618,653,617,585,586,654,619
619,655,654,620,587,618,586
620,656,655,619,587,621,657
621,588,622,658,587,657,620
622,589,623,588,621,658,659
623,660,659,622,589,590,624
624,660,623,590,591,661,625
625,592,591,626,661,662,624
626,592,593,625,663,662,627
627,593,626,663,664,594,628
628,594,595,665,664,627,629
629,596,630,666,595,665,628
630,629,596,667,631,666,597
631,667,630,668,598,597,632
632,669,668,633,670,598,631
633,599,634,632,670,598,671
634,599,633,600,671,672,635
635,601,636,600,673,672,634
636,635,601,673,674,637,602
637,602,603,674,675,638,636
638,676,639,603,604,675,637
639,676,638,605,640,677,604
640,605,639,677,606,641,678
641,607,642,678,679,606,640
642,643,680,607,641,679,608
643,680,642,681,608,609,644
644,609,645,682,681,643,683
645,609,644,683,610,646,684
646,611,647,610,645,685,684
647,646,611,686,648,612,685
648,686,647,613,166,612,687
649,202,165,614,650,242,688
650,615,614,649,651,688,689
651,690,689,615,650,652,616
652,651,616,691,690,653,617
653,691,652,617,618,654,692
654,655,619,693,692,653,618
655,654,619,656,620,693,694
656,657,696,655,620,694,695
657,696,656,621,620,697,658
658,621,622,659,698,697,657
659,660,623,622,699,658,698
660,661,700,659,623,699,624
661,700,660,701,662,625,624
662,661,701,626,663,702,625
663,626,662,703,702,664,627
664,628,665,704,663,703,627
665,628,664,704,666,629,705
666,706,667,705,629,630,665
667,706,666,630,631,668,707
668,632,669,631,667,707,708
669,632,668,670,708,710,709
670,710,711,632,633,669,671
671,711,712,633,634,672,670
672,673,713,712,671,634,635
673,672,713,714,674,635,636
674,715,675,714,673,637,636
675,716,715,674,637,676,638
676,638,639,717,716,677,675
677,676,639,640,717,678,718
678,679,719,641,640,677,718
679,719,678,641,680,642,720
680,643,642,681,721,679,720
681,680,643,722,721,682,644
682,683,724,681,644,722,723
683,684,725,724,682,644,645
684,683,725,685,726,646,645
685,727,686,684,726,647,646
686,647,648,727,685,687,728
687,686,728,166,203,243,648
688,729,242,730,649,650,689
689,651,690,731,688,650,730
690,651,689,652,691,731,732
691,652,690,653,733,692,732
692,734,693,733,654,691,653
693,734,692,694,735,654,655
694,736,735,693,656,655,695
695,738,737,736,694,656,696
696,739,738,657,656,695,697
697,740,739,657,658,698,696
698,699,741,740,658,659,697
699,698,741,700,742,659,660
700,661,660,699,742,701,743
701,700,661,662,744,702,743
702,744,701,745,703,662,663
703,746,745,704,702,663,664
704,746,703,664,665,705,747
705,666,706,748,747,704,665
706,666,667,705,748,749,707
707,750,708,706,667,749,668
708,750,707,751,668,669,709
709,710,752,669,708,751
710,670,711,709,752,753,669
711,710,670,671,712,754,753
712,713,755,711,671,754,672
713,755,712,672,673,714,756
714,757,756,713,673,674,715
715,716,675,674,714,757,758
716,715,675,676,717,759,758
717,676,716,759,718,760,677
718,719,761,760,717,678,677
719,679,678,761,718,720,762
720,762,763,679,719,721,680
721,681,722,680,763,720,764
722,681,721,682,764,723,765
723,767,724,682,766,722,765
724,683,682,725,768,767,723
725,683,684,724,726,769,768
726,770,727,769,725,684,685
727,685,686,770,726,728,771
728,686,687,727,772,771,243
729,688,242,285,330,730,774,773
730,731,775,688,729,774,689
731,775,730,690,689,732,776
732,731,776,777,690,691,733
733,692,734,691,732,777,778
734,692,693,733,778,779,735
735,736,694,780,693,779,734
736,737,781,735,694,780,695
737,781,736,695,738,783,782
738,696,739,695,737,784,783
739,740,697,696,738,784,785
740,739,697,698,741,785,786
741,698,699,740,742,786,787
742,699,700,741,743,788,787
743,700,742,788,789,744,701
744,745,790,789,701,702,743
745,744,790,746,791,702,703
746,792,747,791,745,703,704
747,792,746,705,704,793,748
748,794,793,706,749,705,747
749,748,706,750,794,707
750,707,708,751,749,794
751,708,750,794,830,859,831,709,752
752,709,710,795,831,753,751
753,754,711,752,710,795
754,796,755,753,711,712,795
755,796,754,713,712,756,797
756,797,755,714,757,713,798
757,714,756,799,798,758,715
758,716,759,800,799,757,715
759,801,800,716,758,760,717
760,759,801,718,761,717,802
761,802,803,719,718,760,762
762,804,803,720,763,719,761
763,805,764,762,720,721,804
764,806,805,763,721,722,765
765,807,806,723,766,722,764
766,807,808,767,723,765,809
767,810,768,724,809,723,766
768,810,767,724,725,811,769
769,726,770,725,812,811,768
770,726,727,769,771,813,812
771,813,814,770,727,728,772
772,243,286,728,771,814
773,775,815,330,371,729,774
774,730,729,773,775
775,731,730,815,776,773,774
776,815,775,731,732,777
777,815,778,776,732,733
778,815,777,733,779,734
779,780,816,815,735,778,734
780,816,779,736,735,781,817
781,737,736,782,818,817,780
782,818,819,781,820,783,737
783,821,820,784,738,782,737
784,739,738,821,822,783,785
785,823,786,739,740,784,822
786,823,785,787,824,741,740
787,824,786,741,742,825,788
788,789,826,742,743,787,825
789,744,790,788,826,743,827
790,744,745,789,791,828,827
791,790,828,792,829,746,745
792,746,747,829,791,830,793
793,794,748,830,792,747
794,793,748,751,830,749,750
795,752,831,796,753,754
796,754,755,831,795,797,832
797,833,798,756,755,796,832
798,833,797,834,757,799,756
799,800,835,834,757,798,758
800,799,835,801,759,758,836
801,800,759,760,802,836,837
802,837,838,761,803,760,801
803,802,761,804,762,839,838
804,803,762,763,805,840,839
805,764,806,763,841,840,804
806,765,807,764,805,841,842
807,766,808,843,842,765,806
808,807,766,809,844,843
809,810,844,767,808,766
810,767,768,811,845,844,809
811,845,810,812,846,769,768
812,846,811,769,813,770,847
813,771,814,812,770,847,848
814,813,771,849,286,772,848
815,777,778,775,776,816,779,371,434,773,817
816,780,779,815,817
817,781,780,816,815,818,819
818,782,819,781,817
819,818,782,820,850,871,817,899
820,821,783,782,850,819,851
821,820,783,784,822,852,851
822,853,823,821,784,785,852
823,853,822,785,786,824,854
824,854,855,787,786,823,825
825,855,856,824,787,826,788
826,856,857,788,789,827,825
827,857,826,858,828,789,790
828,858,859,790,791,827,829
829,792,791,859,828,830
830,794,751,859,792,793,829
831,859,901,752,795,796,751,860,902,832
832,860,833,797,796,831
833,797,798,834,861,860,832
834,861,833,799,835,862,798
835,799,800,834,836,863,862
836,863,835,800,801,837,864
837,802,838,865,864,801,836
838,837,802,839,803,865,866
839,867,866,840,838,803,804
840,868,867,839,841,805,804
841,869,868,805,806,842,840
842,807,843,869,870,841,806
843,807,842,808,844,870
844,810,809,870,886,845,372,898,907,808,843,911,913
845,811,810,846,372,844
846,812,811,847,372,845
847,846,372,848,813,812
848,849,372,814,847,813
849,331,372,814,286,848
850,820,819,871,851
851,852,872,871,850,820,821
852,851,872,822,821,853,873
853,822,823,873,874,852,854
854,824,855,823,874,853,875
855,854,824,825,856,876,875
856,855,825,826,857,876,877
857,856,826,827,858,877
858,828,859,877,827,857
859,831,901,858,828,877,891,751,829,830
860,878,902,832,833,831,861
861,834,833,862,878,860
862,861,834,863,879,878,835
863,836,835,879,862,864,880
864,865,881,837,863,836,880
865,864,881,838,837,866,882
866,839,867,883,882,838,865
867,839,866,868,840,884,883
868,867,840,884,869,841,885
869,868,841,842,870,886,885
870,844,886,869,842,843
871,887,899,850,819,851,872
872,851,852,873,871,888,887
873,853,874,872,852,888,889
874,873,853,854,889,890,875
875,876,855,890,874,891,854
876,875,855,856,877,891
877,859,858,891,876,856,857
878,862,861,902,860,892,879
879,880,892,863,862,878
880,879,892,893,881,864,863
881,864,865,894,893,882,880
882,866,883,865,881,895,894
883,866,867,884,882,895,896
884,867,868,885,896,897,883
885,897,898,884,868,869,886
886,870,844,898,869,885
887,899,871,872,888
888,872,873,887,899,889,900
889,888,873,900,874,890,901
890,889,901,874,875,891
891,877,859,876,875,890,901
892,879,880,893,878,902
893,892,880,894,881,903,902
894,893,881,882,903,904,895
895,896,905,882,883,894,904
896,884,897,906,895,905,883
897,885,898,907,896,884,906
898,897,885,907,844,886
899,887,871,819,900,901,888
900,901,899,888,889
901,859,831,900,899,889,890,891
902,878,860,831,892,893,903,908
903,894,893,904,908,902
904,903,908,909,905,894,895
905,895,896,909,904,906,910
906,896,897,905,907,911,910
907,897,898,844,906,911
908,903,904,902,909,912
909,904,905,910,912,908
910,911,913,909,905,906,912
911,910,913,906,907,844
912,909,910,913,908
913,910,911,844,912
914,942,922,915,918,917,931
915,918,921,919,920,917,914
916,924,926,464,475,476,923
917,929,922,915,920,914,928
918,921,915,914,931,937,950
919,927,934,921,920,915,930
920,933,928,919,915,917,930
921,919,927,918,915,945,937
922,917,929,942,936,938,914
923,476,477,935,932,926,916
924,926,916,941,925,940,464
925,473,472,941,924,464,949
926,924,916,940,951,935,923
927,934,919,921,946,945,944
928,929,947,920,933,917,953
929,928,947,917,922,948,938
930,934,956,933,957,920,919
931,950,969,942,997,918,914
932,935,952,478,477,943,923
933,920,928,930,957,953,958
934,927,919,930,956,946,959
935,952,932,923,926,951,960
936,942,922,954,939,938,955
937,950,971,966,945,918,921
938,2,939,929,948,936,922
939,938,2,8,954,9,936
940,951,926,961,963,941,924
941,924,925,961,940,962,949
942,922,936,914,997,931,955
943,932,478,985,479,952,983
944,978,964,927,945,946,980
945,937,966,927,944,921,980
946,959,934,927,965,964,944
947,929,928,13,12,948,953
948,11,2,929,947,12,938
949,472,925,962,967,941,471
950,937,971,931,969,968,918
951,940,926,968,963,960,935
952,935,932,970,983,960,943
953,14,13,933,958,947,928
954,939,8,982,955,936
955,954,982,936,942,997,984
956,959,976,930,934,974,957
957,3,958,933,930,974,956
958,957,3,953,933,15,14
959,976,956,946,934,965,979
960,970,969,968,951,952,935
961,940,963,973,962,941,972
962,949,967,973,961,977,941
963,972,971,940,961,968,951
964,978,987,988,965,944,946
965,979,959,988,989,964,946
966,972,971,937,945,980,975
967,470,471,962,949,977,986
968,969,960,971,950,951,963
969,950,931,970,960,968,997
970,960,969,997,983,952,984
971,972,963,937,950,966,968
972,971,963,966,975,973,961
973,981,977,975,972,961,962
974,976,18,3,957,17,956
975,990,980,966,972,973,981
976,959,956,979,19,974,18
977,986,992,981,973,962,967
978,987,964,944,991,980,990
979,989,20,19,976,965,959
980,975,990,966,945,944,978
981,973,977,975,990,993,992
982,8,27,954,955,985,984,501,481
983,970,952,984,943,985
984,985,982,955,997,970,983
985,480,479,984,982,943,481,983
986,992,977,463,470,967
987,978,964,998,988,996,991
988,989,1,987,998,965,964
989,988,1,979,20,21,965
990,975,980,993,991,978,981
991,990,993,995,996,987,978
992,462,994,986,977,463,981,993
993,990,991,995,981,992,994
994,992,462,466,465,995,993
995,465,7,991,996,993,994
996,7,6,991,995,998,987
997,970,969,942,931,955,984
998,5,1,987,988,6,996
