1,7,29,2,9,8,1975
2,1,9,2313,2299,10,1975
3,2154,1943,1784,11,12,2313
4,22,23,5,2314,21,2010
5,4,23,1928,2011,24,2010
6,1787,1836,1837,7,28,27
7,1975,1837,1,29,28,6
8,31,30,69,1,9,29
9,32,31,10,1,2,8
10,33,11,2313,32,9,2
11,33,10,2313,3,12,34
12,35,34,11,3,13,1784
13,36,35,1843,1852,12,1784
14,976,929,1961,1769,2280,39,975
15,42,41,1824,16,1764,1756
16,1997,17,42,43,15,1824
17,1997,16,18,45,44,43
18,2315,46,17,1997,45,2185
19,48,47,2315,1761,2068,1835
20,52,2215,53,21,2216,2314
21,2314,4,53,20,22,54
22,4,23,21,54,55,56
23,57,56,22,4,5,24
24,58,57,23,5,1928,25
25,2254,1928,24,2255,58,59
26,65,66,27,1787,1962,2318
27,26,66,67,28,6,1787
28,29,68,7,6,67,27
29,28,68,7,1,69,8
30,8,31,71,70,69,117
31,8,30,32,9,72,71
32,73,72,31,9,10,33
33,10,11,73,32,34,74
34,35,12,11,74,33,75
35,13,36,34,12,76,75
36,13,35,37,1852,77,76
37,36,1852,77,38,78,2032
38,78,37,79,2032,2280,39
39,975,80,79,38,2280,14
40,81,2201,1764,41,82,1853
41,42,83,1764,40,82,15
42,83,41,84,16,43,15
43,85,84,44,42,16,17
44,85,43,86,87,45,17
45,87,44,88,17,18,46
46,18,2315,45,88,47,89
47,19,48,2315,46,89,90
48,19,47,49,91,1761,90
49,92,1839,1760,91,1761,48
50,96,97,51,2214,2213,2320
51,98,97,2215,52,2214,50
52,2215,20,99,53,51,98
53,20,21,100,54,99,52
54,100,53,21,22,55,101
55,22,54,56,103,102,101
56,57,23,104,103,22,55
57,56,23,24,58,104,105
58,24,57,106,105,59,25
59,2255,60,58,106,107,25
60,2316,61,108,2255,59,107
61,2316,60,108,109,62,2317
62,63,2310,61,2317,110,109
63,62,2310,2311,110,64,111
64,63,2311,111,2318,112,65
65,112,64,113,66,26,2318
66,113,65,114,67,26,27
67,68,115,114,66,28,27
68,28,29,69,116,67,115
69,116,68,117,8,30,29
70,119,71,30,117,168,118
71,119,70,120,30,31,72
72,32,73,31,71,120,121
73,32,72,121,122,33,74
74,34,33,75,73,122,123
75,35,76,74,34,123,124
76,77,125,35,75,36,124
77,125,76,37,36,126,78
78,79,127,38,37,126,77
79,127,78,80,128,38,39
80,1076,128,79,39,975,1024
81,2201,40,129,130,82,974
82,40,41,83,131,130,81
83,42,41,84,132,131,82
84,85,43,83,132,42,133
85,84,43,44,86,133,134
86,87,136,85,44,135,134
87,86,136,44,45,88,137
88,89,138,87,45,46,137
89,138,88,139,90,46,47
90,91,140,139,89,47,48
91,92,141,140,90,49,48
92,141,91,49,1839,93,142
93,1839,2018,94,142,92,143
94,2018,93,144,143,2319,95
95,2319,2320,145,144,96,94
96,50,97,146,95,145,2320
97,96,50,51,98,146,147
98,51,97,99,148,52,147
99,100,149,52,53,148,98
100,149,150,99,53,54,101
101,55,102,151,150,54,100
102,103,153,55,101,151,152
103,154,104,153,56,102,55
104,154,103,56,57,155,105
105,58,106,156,155,104,57
106,157,107,58,105,156,59
107,158,157,106,108,59,60
108,159,158,61,60,107,109
109,61,108,160,159,62,110
110,62,109,63,160,161,111
111,112,162,161,64,63,110
112,111,162,113,163,64,65
113,112,163,65,164,114,66
114,165,164,113,66,67,115
115,67,68,116,165,166,114
116,69,68,117,115,167,166
117,167,168,69,116,70,30
118,169,222,119,170,70,168
119,120,171,70,71,170,118
120,171,119,71,121,172,72
121,173,172,120,73,122,72
122,121,73,174,173,74,123
123,74,75,122,175,174,124
124,75,123,176,125,175,76
125,77,76,177,176,126,124
126,125,77,177,178,127,78
127,79,78,178,179,126,128
128,180,179,1076,80,79,127
129,1075,181,130,81,974,1023,973
130,181,182,129,131,81,82
131,183,132,83,182,130,82
132,83,84,184,183,131,133
133,185,184,85,134,132,84
134,135,186,133,85,185,86
135,134,186,136,188,86,187
136,86,87,137,189,135,188
137,136,189,88,138,87,190
138,89,88,139,191,190,137
139,192,191,138,89,90,140
140,91,90,192,139,141,193
141,92,91,193,140,194,142
142,195,194,143,93,92,141
143,196,195,142,144,94,93
144,95,145,143,94,197,196
145,95,144,146,198,96,197
146,145,198,97,96,199,147
147,148,200,97,98,146,199
148,99,149,201,98,147,200
149,100,150,99,201,202,148
150,149,100,101,151,202,203
151,152,204,203,101,102,150
152,204,151,153,206,102,205
153,103,154,206,207,102,152
154,103,104,208,207,153,155
155,209,208,156,105,154,104
156,209,155,105,210,157,106
157,107,158,106,156,210,211
158,107,157,211,212,159,108
159,213,212,158,108,109,160
160,109,159,110,213,214,161
161,111,162,214,160,215,110
162,111,112,161,216,215,163
163,112,113,217,164,162,216
164,217,163,165,114,113,218
165,164,114,219,218,115,166
166,219,220,165,115,167,116
167,117,168,221,220,166,116
168,167,117,222,221,70,118
169,222,118,223,279,224,170
170,171,225,119,118,224,169
171,120,119,225,170,172,226
172,121,173,120,171,227,226
173,121,172,174,122,228,227
174,175,229,228,173,122,123
175,229,174,123,230,176,124
176,125,177,230,175,231,124
177,125,176,126,178,232,231
178,233,179,177,126,127,232
179,233,178,234,128,180,127
180,128,179,1076,234,235,1132
181,236,1131,1075,129,130,182
182,183,237,236,131,181,130
183,184,132,237,182,131,238
184,183,132,185,133,238,239
185,184,133,240,239,186,134
186,134,135,187,241,240,185
187,243,242,188,241,186,135
188,243,244,187,189,135,136
189,245,244,136,137,188,190
190,246,245,138,191,137,189
191,192,139,138,190,246,247
192,191,139,140,247,248,193
193,141,140,192,249,248,194
194,142,195,250,249,193,141
195,142,194,196,143,250,251
196,195,143,197,252,144,251
197,145,198,144,196,252,253
198,145,146,197,253,199,254
199,254,255,198,146,147,200
200,255,256,201,147,148,199
201,149,202,257,256,200,148
202,201,149,150,257,258,203
203,151,204,150,202,258,259
204,152,151,203,260,259,205
205,206,262,261,260,204,152
206,263,207,153,205,262,152
207,263,206,264,208,154,153
208,209,155,207,154,264,265
209,208,155,266,265,156,210
210,267,266,209,156,211,157
211,158,212,268,210,267,157
212,159,213,211,158,268,269
213,159,212,270,269,160,214
214,271,270,213,160,215,161
215,216,272,271,214,161,162
216,217,273,215,272,162,163
217,273,216,163,164,218,274
218,274,275,217,219,165,164
219,275,218,166,220,165,276
220,277,276,219,166,167,221
221,168,222,278,277,167,220
222,169,118,168,221,278,279
223,169,279,280,281,339,224
224,223,169,225,170,282,281
225,283,282,171,170,224,226
226,171,225,283,284,172,227
227,284,285,228,173,172,226
228,227,285,229,174,173,286
229,175,174,228,286,230,287
230,287,288,229,175,176,231
231,289,288,177,232,230,176
232,290,289,233,178,177,231
233,178,179,234,290,291,232
234,233,179,180,235,291,292
235,234,180,1252,292,1191,1132
236,294,237,1131,181,182,293
237,294,236,183,182,295,238
238,296,295,184,239,237,183
239,238,184,297,296,185,240
240,185,239,298,297,241,186
241,242,187,299,298,240,186
242,187,243,241,300,301,299
243,244,302,187,242,188,301
244,189,245,243,302,188,303
245,189,244,303,190,246,304
246,190,245,304,191,305,247
247,306,248,246,191,305,192
248,306,247,192,193,249,307
249,194,250,193,248,307,308
250,309,308,194,249,195,251
251,310,252,250,195,196,309
252,311,310,251,196,197,253
253,198,197,311,252,312,254
254,199,255,312,253,313,198
255,200,256,314,313,254,199
256,255,200,315,257,201,314
257,315,256,201,202,316,258
258,316,317,259,257,202,203
259,204,260,318,258,317,203
260,204,259,318,319,261,205
261,320,321,262,319,260,205
262,205,206,321,261,263,322
263,206,207,264,323,322,262
264,263,207,208,324,265,323
265,266,209,324,264,325,208
266,265,209,325,210,267,326
267,268,327,210,266,326,211
268,267,327,328,211,212,269
269,213,270,329,328,268,212
270,213,269,330,329,271,214
271,331,330,270,214,272,215
272,273,332,215,216,271,331
273,272,332,217,216,274,333
274,334,333,218,275,217,273
275,274,218,219,334,335,276
276,220,277,219,336,335,275
277,220,276,278,337,221,336
278,338,279,277,337,222,221
279,169,223,338,339,278,222
280,402,339,223,281,340,341
281,280,223,342,341,224,282
282,283,225,343,342,224,281
283,344,343,282,225,226,284
284,227,285,226,283,345,344
285,284,227,228,286,345,346
286,346,347,228,229,285,287
287,230,288,348,347,229,286
288,349,289,287,230,348,231
289,349,288,290,232,231,350
290,289,232,351,291,350,233
291,352,292,351,290,233,234
292,352,291,1252,353,234,235
293,1131,236,294,354,1190,1251
294,236,237,355,354,293,295
295,238,296,356,355,294,237
296,357,356,238,295,297,239
297,296,239,357,240,298,358
298,299,359,241,358,240,297
299,298,359,360,300,241,242
300,362,361,301,242,360,299
301,302,363,362,300,242,243
302,301,363,243,244,303,364
303,302,244,365,364,245,304
304,365,303,245,246,366,305
305,306,367,246,304,366,247
306,305,367,247,248,368,307
307,369,368,308,306,249,248
308,250,309,370,369,307,249
309,250,308,370,371,251,310
310,252,311,251,372,309,371
311,252,310,372,253,312,373
312,374,373,311,253,313,254
313,314,375,255,312,374,254
314,376,375,313,255,315,256
315,256,257,376,314,316,377
316,258,317,378,377,257,315
317,316,258,259,378,379,318
318,319,380,260,259,379,317
319,318,380,320,381,261,260
320,261,321,381,319,382,383
321,320,261,262,322,384,383
322,323,263,385,321,384,262
323,322,263,385,264,386,324
324,325,387,264,265,386,323
325,387,324,265,266,388,326
326,327,389,267,388,325,266
327,328,390,267,268,389,326
328,390,327,268,269,329,391
329,269,328,270,330,392,391
330,331,393,270,329,392,271
331,393,330,271,394,332,272
332,272,273,395,394,331,333
333,334,274,332,273,395,396
334,333,274,397,396,275,335
335,336,398,334,275,397,276
336,335,398,277,337,399,276
337,338,400,399,277,278,336
338,339,401,337,400,279,278
339,338,401,280,402,279,223
340,403,468,404,402,280,341
341,405,342,340,404,281,280
342,343,282,406,405,341,281
343,283,344,406,407,342,282
344,283,343,408,407,345,284
345,409,408,344,285,284,346
346,286,347,409,410,285,345
347,346,286,410,411,348,287
348,347,287,411,288,349,412
349,288,289,413,412,348,350
350,414,413,349,289,290,351
351,290,291,415,414,350,352
352,291,292,416,415,351,353
353,416,417,1317,292,1252,352
354,1316,418,355,294,1251,293
355,356,419,418,354,294,295
356,355,419,296,357,295,420
357,296,356,297,421,420,358
358,359,422,298,421,357,297
359,298,299,422,358,423,360
360,424,423,361,299,300,359
361,300,362,360,424,425,426
362,300,361,301,363,426,427
363,301,302,362,364,428,427
364,428,429,303,365,363,302
365,303,364,304,366,430,429
366,367,431,304,365,430,305
367,305,306,432,431,366,368
368,369,433,432,307,367,306
369,368,433,434,370,308,307
370,308,309,434,435,371,369
371,435,436,370,309,310,372
372,437,373,311,310,371,436
373,312,374,437,372,311,438
374,312,373,438,439,313,375
375,314,376,313,374,439,440
376,314,375,315,441,377,440
377,316,378,442,441,315,376
378,443,442,316,317,377,379
379,444,443,317,378,380,318
380,318,319,445,444,379,381
381,445,446,320,319,382,380
382,447,446,320,381,383,448
383,448,449,384,382,320,321
384,385,450,321,322,449,383
385,450,384,323,322,386,451
386,452,451,385,323,387,324
387,325,324,453,452,388,386
388,454,453,387,325,326,389
389,455,454,327,326,390,388
390,456,455,328,327,391,389
391,456,390,457,392,329,328
392,330,393,458,457,391,329
393,331,330,392,458,394,459
394,332,395,460,459,331,393
395,396,461,332,394,460,333
396,395,461,397,334,333,462
397,396,334,335,462,463,398
398,335,336,399,464,463,397
399,337,400,336,465,464,398
400,337,338,401,399,465,466
401,338,339,467,466,400,402
402,280,339,467,401,340,468
403,468,536,469,470,340,404
404,340,403,471,470,405,341
405,342,406,341,472,404,471
406,343,407,342,405,472,473
407,474,408,406,343,344,473
408,474,407,409,345,344,475
409,408,345,346,410,475,476
410,347,411,409,346,477,476
411,410,347,348,478,477,412
412,479,478,413,349,411,348
413,412,349,414,350,479,480
414,413,350,415,351,481,480
415,414,351,352,416,481,482
416,353,417,483,352,415,482
417,416,353,483,1384,1449,1317
418,1316,354,355,419,484,485
419,355,356,418,485,420,486
420,486,419,487,421,356,357
421,488,487,422,420,357,358
422,489,423,359,358,488,421
423,489,422,424,360,359,490
424,423,360,361,425,491,490
425,424,361,491,492,426,493
426,362,427,494,361,493,425
427,426,362,428,363,494,495
428,429,496,364,427,363,495
429,496,428,364,365,497,430
430,431,498,497,365,366,429
431,498,430,367,432,499,366
432,368,433,367,431,500,499
433,501,434,368,369,432,500
434,435,502,501,433,370,369
435,371,436,503,502,434,370
436,435,371,503,504,372,437
437,372,373,438,505,504,436
438,437,505,374,439,373,506
439,507,506,438,374,440,375
440,507,439,508,376,441,375
441,508,509,442,377,376,440
442,443,378,510,441,377,509
443,379,444,442,378,511,510
444,379,443,511,512,380,445
445,381,446,380,444,513,512
446,445,381,382,447,513,514
447,382,446,515,514,448
448,383,449,515,447,382,516
449,448,383,384,450,517,516
450,385,384,449,517,518,451
451,386,452,519,518,450,385
452,386,451,453,387,520,519
453,452,387,520,521,454,388
454,455,522,389,521,453,388
455,390,456,454,522,389,523
456,390,455,391,457,524,523
457,525,458,391,392,456,524
458,525,526,393,392,457,459
459,527,460,394,526,393,458
460,527,459,394,395,528,461
461,395,396,529,528,460,462
462,396,461,463,530,529,397
463,464,531,462,530,398,397
464,463,531,532,465,399,398
465,532,533,400,399,466,464
466,401,467,534,533,400,465
467,401,466,402,534,468,535
468,535,536,403,340,402,467
469,536,603,403,470,538,537
470,469,403,538,539,471,404
471,540,539,470,404,472,405
472,540,541,405,406,471,473
473,542,541,407,406,472,474
474,407,408,543,542,475,473
475,474,408,543,544,476,409
476,544,475,545,477,410,409
477,478,411,545,546,476,410
478,479,412,477,411,547,546
479,548,547,478,412,413,480
480,481,549,414,548,413,479
481,549,480,414,550,482,415
482,551,550,481,483,416,415
483,552,551,417,416,482,1449
484,485,553,1316,418,1448,1383
485,553,484,554,419,418,486
486,555,554,420,419,487,485
487,421,488,556,555,486,420
488,421,487,556,422,557,489
489,422,423,490,558,557,488
490,558,489,559,424,491,423
491,560,559,425,424,492,490
492,562,493,561,491,425,560
493,562,492,563,494,426,425
494,426,427,563,564,495,493
495,496,565,564,428,494,427
496,429,428,566,565,497,495
497,567,566,430,498,496,429
498,568,567,431,430,497,499
499,500,569,568,432,431,498
500,499,569,570,501,433,432
501,571,570,433,434,502,500
502,435,503,572,571,434,501
503,435,502,436,572,573,504
504,574,573,505,503,436,437
505,437,438,575,506,574,504
506,439,507,576,575,505,438
507,439,506,508,577,440,576
508,578,577,441,509,507,440
509,508,441,578,510,579,442
510,443,442,511,580,509,579
511,444,443,510,580,581,512
512,511,444,582,581,513,445
513,514,583,582,446,512,445
514,583,513,447,515,446
515,699,583,584,447,514,448,516
516,517,449,448,515,584
517,449,450,516,584,518
518,519,451,450,517,584,585
519,518,451,520,586,585,452
520,587,586,521,519,453,452
521,520,587,453,522,588,454
522,454,455,521,588,589,523
523,524,590,522,589,455,456
524,523,590,456,457,591,525
525,458,526,457,592,591,524
526,525,458,459,527,592,593
527,459,460,528,594,526,593
528,461,529,527,594,595,460
529,461,528,595,596,530,462
530,531,597,596,462,463,529
531,598,597,530,463,464,532
532,464,531,599,598,533,465
533,600,599,534,466,532,465
534,535,601,466,467,600,533
535,534,601,536,602,468,467
536,469,603,602,535,468,403
537,605,538,603,664,604,469
538,605,537,606,539,470,469
539,606,538,540,607,471,470
540,608,607,539,471,541,472
541,542,473,608,540,609,472
542,541,473,543,610,474,609
543,610,542,474,544,611,475
544,611,543,612,475,476,545
545,477,546,544,476,612,613
546,614,547,613,545,477,478
547,548,479,614,546,478,615
548,547,479,616,615,480,549
549,481,480,548,616,617,550
550,618,617,551,482,549,481
551,552,483,550,482,619,618
552,551,483,619,1511,1449
553,554,620,485,484,1448,1510
554,555,621,620,553,485,486
555,621,554,556,622,486,487
556,623,557,622,555,487,488
557,623,556,558,624,489,488
558,490,489,559,625,624,557
559,491,560,558,490,625
560,491,559,492,561,625
561,562,626,492,625,560
562,561,626,492,493,627,563
563,628,627,562,564,494,493
564,628,563,565,629,495,494
565,629,630,496,566,564,495
566,496,565,631,630,567,497
567,498,568,566,497,631,632
568,498,567,633,632,569,499
569,499,500,634,633,568,570
570,635,634,501,571,569,500
571,501,570,572,502,635,636
572,571,502,503,636,637,573
573,504,574,638,637,503,572
574,504,573,639,638,505,575
575,576,506,505,639,640,574
576,641,577,640,575,506,507
577,641,576,578,508,507,642
578,577,508,509,642,643,579
579,644,643,580,578,509,510
580,579,644,645,581,510,511
581,645,580,511,646,582,512
582,646,583,581,513,512
583,699,515,514,513,698,646,582
584,515,699,647,516,517,518,585
585,647,586,584,518,519
586,587,520,647,585,519
587,586,520,521,647,648,588
588,649,589,521,522,648,587
589,590,650,649,588,522,523
590,650,589,523,524,651,591
591,525,592,524,590,651,652
592,525,591,593,653,526,652
593,592,653,527,594,526,654
594,527,528,595,655,654,593
595,656,655,596,594,528,529
596,656,595,529,597,657,530
597,531,598,596,657,658,530
598,531,597,658,659,599,532
599,533,600,659,660,598,532
600,533,599,661,660,534,601
601,602,662,534,535,661,600
602,662,601,536,603,535,663
603,536,469,537,664,602,663
604,715,664,665,537,605,666
605,537,538,666,667,604,606
606,605,538,539,668,667,607
607,608,540,669,668,539,606
608,607,540,670,669,541,609
609,671,670,608,541,542,610
610,543,542,609,671,672,611
611,673,672,544,543,612,610
612,611,544,673,674,545,613
613,614,675,546,545,612,674
614,546,547,615,676,613,675
615,548,616,614,676,547
616,548,615,549,617,676
617,616,549,618,550,676
618,617,550,619,551,676
619,618,551,552,676,1565,1511
620,554,553,677,1510,621,678
621,555,554,620,678,622
622,556,555,623,678,621
623,556,557,624,678,622
624,625,558,678,557,623
625,723,679,624,558,626,561,560,559,678
626,627,679,561,562,625
627,679,626,628,680,563,562
628,629,681,627,680,563,564
629,628,681,565,630,682,564
630,629,565,631,566,683,682
631,684,632,630,566,683,567
632,684,631,633,568,685,567
633,569,634,632,568,686,685
634,635,570,687,569,633,686
635,634,570,687,688,571,636
636,689,637,688,635,571,572
637,690,689,636,573,638,572
638,639,691,690,573,637,574
639,638,691,692,574,640,575
640,692,693,576,641,639,575
641,576,577,693,694,640,642
642,694,695,641,578,643,577
643,579,644,696,642,578,695
644,579,643,696,580,645,697
645,580,644,698,646,697,581
646,698,583,645,582,581
647,585,586,584,699,587,648
648,699,647,649,588,587
649,589,650,588,699,700,648
650,590,589,649,700,701,651
651,701,702,650,652,590,591
652,653,703,592,702,651,591
653,652,703,592,593,704,654
654,594,655,593,653,705,704
655,595,656,594,654,705,706
656,595,655,596,707,706,657
657,707,708,596,597,656,658
658,598,597,657,709,659,708
659,660,710,599,598,709,658
660,600,661,710,659,711,599
661,600,660,712,662,711,601
662,663,713,602,601,712,661
663,662,713,664,714,603,602
664,603,537,715,604,663,714
665,717,716,604,715,755,666
666,718,717,605,667,665,604
667,666,605,719,718,668,606
668,607,669,719,720,667,606
669,607,668,670,608,721,720
670,669,608,721,671,609,722
671,670,609,722,672,610
672,673,611,722,671,610
673,672,611,722,612,674
674,722,673,612,613,675
675,613,614,676,674,722
676,614,615,675,1565,1652,722,758,616,617,618,619
677,620,1510,678,1564,1563
678,620,677,723,848,625,624,623,622,621,1563,1503
679,627,626,680,723,625
680,723,679,724,627,628,681
681,628,629,682,725,724,680
682,683,726,629,681,630,725
683,726,682,684,727,631,630
684,727,683,631,632,685,728
685,729,728,633,686,632,684
686,730,729,633,634,687,685
687,688,731,634,635,686,730
688,732,731,687,635,689,636
689,637,690,636,732,733,688
690,637,689,691,734,638,733
691,692,735,690,734,638,639
692,640,693,736,735,691,639
693,692,640,641,694,736,737
694,693,641,642,695,738,737
695,739,738,696,694,642,643
696,643,644,739,695,740,697
697,644,645,740,698,696
698,867,842,877,646,583,645,800,740,697,699
699,583,515,584,857,741,698,647,700,649,648
700,650,701,741,699,649
701,651,702,700,650,741
702,701,651,742,741,652,703
703,652,653,743,742,702,704
704,743,703,653,654,744,705
705,654,655,704,744,745,706
706,656,707,746,705,745,655
707,657,708,656,706,747,746
708,707,657,747,748,658,709
709,748,749,658,659,708,710
710,660,659,711,749,709,750
711,660,710,750,751,661,712
712,661,662,713,752,711,751
713,662,663,752,753,714,712
714,663,664,715,754,753,713
715,754,755,664,604,665,714
716,755,786,717,665,756,757
717,666,718,716,665,757,758
718,666,717,667,719,758
719,667,718,758,720,668
720,758,721,719,668,669
721,758,720,670,669,722
722,758,721,670,671,672,673,674,675,676
723,759,724,680,679,625,848,832,812,787,678
724,759,723,680,725,681
725,760,759,724,681,726,682
726,683,682,761,760,727,725
727,684,683,762,728,761,726
728,729,685,762,727,763,684
729,730,764,686,728,685,763
730,764,729,686,765,731,687
731,732,766,688,687,765,730
732,731,766,688,689,733,767
733,768,767,732,689,690,734
734,768,769,690,691,735,733
735,692,736,769,770,691,734
736,771,770,692,735,737,693
737,738,772,736,771,693,694
738,695,739,737,772,773,694
739,695,738,740,773,696
740,773,739,800,698,697,696
741,742,702,857,699,700,774,701
742,741,702,743,703,774
743,742,703,704,744,774
744,774,743,704,705,775,745
745,744,705,775,706,776,746
746,706,707,747,745,776,777
747,707,708,746,778,748,777
748,709,749,778,747,708,779
749,780,779,748,709,710,750
750,711,751,749,710,780,781
751,750,711,752,782,781,712
752,783,782,713,753,751,712
753,784,754,714,752,713,783
754,715,755,785,784,753,714
755,754,715,785,716,786,665
756,811,860,786,716,757
757,717,758,756,860,716
758,720,721,718,719,757,717,1652,1733,860,722,676
759,723,724,725,760,787
760,787,788,761,726,725,759
761,762,789,760,726,727,788
762,789,761,727,728,790,763
763,790,791,728,762,729,764
764,730,729,792,791,765,763
765,793,766,730,731,792,764
766,731,732,793,765,767,794
767,768,733,794,766,732,795
768,767,733,734,769,795,796
769,768,734,735,770,797,796
770,736,771,769,735,798,797
771,736,770,798,799,772,737
772,773,800,737,738,799,771
773,772,800,740,739,738
774,857,741,775,801,742,744,743
775,776,801,774,744,745
776,777,801,775,745,746
777,801,776,746,747,778,802
778,747,748,777,802,803,779
779,749,780,804,748,803,778
780,804,805,749,779,781,750
781,780,805,782,806,750,751
782,807,806,781,752,783,751
783,808,807,752,782,784,753
784,753,754,808,783,785,809
785,755,754,809,784,786,810
786,755,716,785,810,811,756
787,760,788,812,723,759
788,787,760,761,789,813,812
789,762,761,790,814,788,813
790,763,791,789,762,814,815
791,792,816,790,763,764,815
792,816,791,764,817,793,765
793,765,766,794,818,817,792
794,818,793,795,819,767,766
795,819,794,820,796,767,768
796,820,795,797,821,769,768
797,796,821,798,822,769,770
798,771,799,797,822,823,770
799,798,771,823,772,800
800,772,773,740,842,698,799,823
801,777,776,824,857,775,774,802
802,803,824,777,778,801
803,802,824,778,779,804
804,780,805,779,803,824,825
805,804,780,826,806,781,825
806,782,807,826,805,781,827
807,782,806,783,808,827,828
808,783,807,828,829,784,809
809,810,830,829,808,785,784
810,830,809,831,811,786,785
811,831,860,810,786,756
812,813,832,788,723,787
813,833,832,789,814,788,812
814,790,815,834,789,813,833
815,816,835,834,814,790,791
816,792,791,815,835,817,836
817,818,837,836,816,792,793
818,794,793,837,817,838,819
819,795,794,838,839,820,818
820,795,796,839,840,821,819
821,841,840,822,796,797,820
822,842,841,823,821,797,798
823,842,822,798,799,800
824,857,801,843,802,803,804,825
825,804,805,826,824,843
826,805,806,825,827,843
827,828,844,826,806,843,807
828,829,845,827,844,808,807
829,828,845,830,846,808,809
830,829,846,810,809,847,831
831,811,860,847,830,810
832,813,833,848,812,723
833,813,832,834,849,848,814
834,833,849,815,835,850,814
835,850,851,815,816,834,836
836,852,851,835,817,816,837
837,818,817,853,852,836,838
838,853,837,818,854,839,819
839,838,854,840,855,820,819
840,821,841,856,855,839,820
841,822,842,821,840,856
842,698,867,822,841,823,800,856
843,824,857,844,825,826,827
844,827,828,843,857,845
845,858,857,828,829,844,846
846,847,859,829,830,845,858
847,859,846,860,831,830
848,878,874,869,861,849,833,832,723,678
849,833,834,850,861,848
850,835,851,861,849,862,834
851,850,835,836,852,863,862
852,864,863,853,836,851,837
853,854,865,864,852,837,838
854,865,853,838,839,866,855
855,856,867,866,840,854,839
856,840,841,867,855,842
857,845,858,699,741,824,801,843,774,844,868
858,845,857,868,859,846
859,847,846,868,858,860
860,831,811,847,859,868,756,757,758
861,850,849,862,869,848
862,850,861,870,869,863,851
863,864,852,870,871,862,851
864,863,852,853,871,872,865
865,854,853,864,866,872,873
866,855,867,873,854,865
867,698,842,877,856,855,873,866
868,857,858,859,860
869,870,862,874,848,861
870,875,874,869,862,863,871
871,870,863,864,872,875,876
872,873,877,871,864,876,865
873,872,877,867,866,865
874,875,870,878,869,848
875,874,870,878,879,876,871
876,877,879,875,871,872
877,876,879,698,867,872,873
878,874,875,879,848
879,876,877,878,875
880,2195,888,887,886,2322,2219
881,2191,2321,882,2324,897,898
882,899,900,2321,881,898,883
883,2194,2193,2321,901,900,882
884,909,885,908,2234,2173,2174
885,910,909,884,2174,2322,886
886,887,911,885,910,880,2322
887,886,911,913,912,880,888
888,880,2195,889,914,913,887
889,2273,915,2195,888,914
890,2221,2325,922,2222,923,891
891,892,924,2323,2222,923,890
892,926,893,924,891,925,2323
893,926,892,2323,2015,927,894
894,2006,2308,2015,893,927,928
895,1922,1923,934,933,896,2235
896,1923,2324,935,897,934,895
897,898,936,2324,881,935,896
898,936,897,882,899,881,937
899,882,900,939,898,937,938
900,899,882,940,939,901,883
901,902,941,2194,940,900,883
902,2194,1912,903,942,941,901
903,1793,904,902,1912,943,942
904,1790,1793,903,943,944,905
905,1790,1864,2327,904,944,945
906,907,947,2327,2232,946,2233
907,947,906,908,948,2233,2234
908,949,909,948,907,884,2234
909,885,910,949,908,884,950
910,885,909,950,886,951,911
911,952,951,886,887,912,910
912,953,952,887,913,954,911
913,887,912,914,955,954,888
914,913,955,956,889,915,888
915,2273,916,957,889,914,956
916,2273,915,957,958,917,2157
917,916,958,918,1883,2157,959
918,1795,919,917,1883,960,959
919,2328,1801,1795,918,960,961
920,2307,921,1991,2328,962,963
921,922,964,2307,2325,963,920
922,964,921,890,2325,965,923
923,922,890,924,966,891,965
924,892,891,967,925,923,966
925,969,968,892,926,967,924
926,892,893,925,927,969,970
927,926,893,971,970,894,928
928,972,971,927,894,2308,2329
929,976,14,1769,1840,930,977
930,929,1840,977,2326,931,978
931,2326,2258,930,978,932,979
932,2235,933,980,2258,931,979
933,934,895,932,2235,980,981
934,896,935,933,895,982,981
935,896,897,934,982,983,936
936,898,897,984,983,935,937
937,984,936,898,899,985,938
938,939,987,985,986,937,899
939,938,987,900,940,899,988
940,989,988,900,939,901,941
941,942,902,901,940,989,990
942,902,903,941,991,943,990
943,992,991,944,903,904,942
944,992,943,993,945,904,905
945,946,2327,993,944,994,905
946,945,2327,995,994,906,947
947,907,906,946,996,995,948
948,949,908,907,996,997,947
949,908,909,948,998,950,997
950,909,910,998,949,999,951
951,911,952,1000,999,910,950
952,911,951,912,953,1000,1001
953,912,952,1002,1001,1003,954
954,912,913,1003,953,1004,955
955,913,914,956,1005,1004,954
956,957,1006,1005,955,914,915
957,1006,1007,956,958,915,916
958,1007,1008,959,957,916,917
959,960,1009,1008,958,917,918
960,1010,1009,959,961,918,919
961,2328,962,1011,1010,960,919
962,2328,961,1011,920,1012,963
963,1013,964,921,920,962,1012
964,922,921,1013,963,1014,965
965,922,964,1014,1015,923,966
966,967,1016,1015,923,924,965
967,966,1016,1017,968,925,924
968,1018,1017,1019,925,969,967
969,970,1020,925,968,1019,926
970,1020,969,971,927,926,1021
971,972,928,970,927,1022,1021
972,1022,1023,973,971,928,2329
973,2329,2206,972,1023,129,974
974,2206,2201,81,129,973
975,1024,976,39,80,14
976,1024,975,14,929,1025,977
977,1025,1026,929,976,930,978
978,1027,979,930,931,977,1026
979,1027,978,932,980,1028,931
980,981,1029,1028,932,933,979
981,980,1029,1030,982,933,934
982,1031,1030,981,935,983,934
983,982,935,984,936,1032,1031
984,1033,1032,983,936,937,985
985,1034,1033,938,986,937,984
986,1035,1034,985,938,987,1036
987,938,939,986,1036,1037,988
988,989,940,939,1038,1037,987
989,988,940,1038,941,1039,990
990,942,941,989,1040,1039,991
991,943,992,1040,1041,942,990
992,943,991,993,1042,944,1041
993,992,1042,944,945,1043,994
994,1044,1043,995,946,993,945
995,994,946,1045,1044,996,947
996,1046,1045,995,947,948,997
997,996,948,998,949,1046,1047
998,949,950,999,997,1047,1048
999,1000,1049,998,950,1048,951
1000,952,951,1001,1050,1049,999
1001,1000,1050,1002,953,1051,952
1002,1003,1053,1001,953,1051,1052
1003,1002,1053,953,954,1054,1004
1004,1005,1055,1054,1003,955,954
1005,1056,1055,956,955,1006,1004
1006,1057,1056,1007,957,956,1005
1007,1008,1058,958,1057,1006,957
1008,1007,1058,1009,1059,958,959
1009,1010,960,1008,1059,959,1060
1010,1009,960,1060,1011,961,1061
1011,961,962,1010,1012,1061,1062
1012,1011,962,963,1062,1013,1063
1013,963,964,1014,1012,1064,1063
1014,1065,1015,1013,964,1064,965
1015,1065,1014,1066,1016,966,965
1016,966,967,1067,1066,1015,1017
1017,968,1018,1068,1067,1016,967
1018,968,1017,1019,1068,1070,1069
1019,1018,968,1070,969,1071,1020
1020,970,969,1071,1019,1021,1072
1021,1073,1072,1022,971,970,1020
1022,972,1023,1073,1074,971,1021
1023,1022,972,1074,973,129,1075
1024,975,976,1025,1077,80,1076
1025,977,1026,1024,976,1078,1077
1026,1078,1079,1025,977,978,1027
1027,978,979,1080,1028,1026,1079
1028,1080,1027,980,1029,979,1081
1029,1030,1082,980,981,1028,1081
1030,1082,1029,1083,1031,981,982
1031,1083,1030,1084,1032,982,983
1032,1084,1031,1033,984,983,1085
1033,985,1034,1032,984,1086,1085
1034,985,1033,1035,1087,986,1086
1035,1034,1087,1088,1089,986,1036
1036,1090,1089,1035,986,987,1037
1037,1091,1090,987,1036,988,1038
1038,988,989,1092,1039,1091,1037
1039,1093,1040,1092,1038,989,990
1040,991,1041,1093,1039,990,1094
1041,1040,991,992,1042,1094,1095
1042,992,993,1041,1096,1095,1043
1043,1044,994,1042,993,1096,1097
1044,1043,994,995,1045,1098,1097
1045,1046,996,995,1044,1099,1098
1046,1045,996,1099,997,1100,1047
1047,998,997,1046,1101,1048,1100
1048,1102,1049,1101,1047,998,999
1049,1102,1048,1050,1103,1000,999
1050,1049,1103,1000,1001,1051,1104
1051,1050,1001,1104,1105,1002,1052
1052,1105,1051,1107,1106,1053,1002
1053,1002,1003,1107,1052,1054,1108
1054,1109,1108,1055,1053,1004,1003
1055,1056,1110,1005,1109,1004,1054
1056,1111,1110,1055,1006,1057,1005
1057,1058,1112,1006,1056,1111,1007
1058,1007,1008,1113,1112,1057,1059
1059,1008,1009,1058,1113,1114,1060
1060,1009,1059,1115,1114,1010,1061
1061,1116,1115,1060,1010,1011,1062
1062,1061,1011,1012,1116,1063,1117
1063,1117,1118,1064,1062,1012,1013
1064,1118,1119,1065,1063,1013,1014
1065,1014,1015,1119,1064,1066,1120
1066,1067,1016,1065,1015,1121,1120
1067,1122,1068,1066,1016,1121,1017
1068,1017,1018,1122,1067,1069,1123
1069,1018,1068,1123,1070,1125,1124
1070,1126,1125,1018,1019,1069,1071
1071,1127,1126,1019,1020,1070,1072
1072,1127,1128,1021,1073,1020,1071
1073,1021,1072,1022,1074,1129,1128
1074,1073,1022,1023,1075,1130,1129
1075,129,181,1131,1130,1023,1074
1076,180,128,80,1133,1132,1077,1024
1077,1078,1134,1024,1025,1133,1076
1078,1026,1079,1025,1134,1077,1135
1079,1078,1026,1136,1135,1027,1080
1080,1027,1028,1137,1136,1081,1079
1081,1138,1137,1082,1029,1080,1028
1082,1030,1029,1081,1138,1139,1083
1083,1030,1031,1140,1084,1082,1139
1084,1140,1141,1031,1032,1083,1085
1085,1084,1032,1086,1033,1141,1142
1086,1087,1143,1142,1085,1033,1034
1087,1086,1143,1144,1088,1034,1035
1088,1144,1087,1146,1145,1035,1089
1089,1090,1036,1147,1146,1088,1035
1090,1089,1036,1147,1037,1091,1148
1091,1037,1090,1148,1092,1038,1149
1092,1038,1039,1091,1093,1150,1149
1093,1039,1040,1150,1151,1094,1092
1094,1151,1152,1041,1095,1093,1040
1095,1153,1096,1094,1041,1042,1152
1096,1153,1095,1042,1097,1154,1043
1097,1154,1096,1155,1098,1044,1043
1098,1156,1155,1044,1045,1097,1099
1099,1157,1100,1156,1045,1046,1098
1100,1157,1099,1046,1047,1101,1158
1101,1159,1158,1047,1048,1102,1100
1102,1048,1049,1101,1103,1160,1159
1103,1049,1050,1160,1102,1161,1104
1104,1162,1161,1105,1103,1051,1050
1105,1106,1163,1162,1104,1051,1052
1106,1163,1105,1165,1107,1164,1052
1107,1165,1106,1052,1053,1166,1108
1108,1054,1109,1166,1107,1167,1053
1109,1054,1108,1168,1167,1055,1110
1110,1111,1056,1055,1109,1168,1169
1111,1169,1170,1110,1056,1112,1057
1112,1058,1113,1171,1170,1057,1111
1113,1172,1171,1058,1112,1059,1114
1114,1173,1172,1059,1113,1060,1115
1115,1116,1174,1060,1114,1173,1061
1116,1174,1115,1061,1062,1117,1175
1117,1063,1118,1062,1176,1175,1116
1118,1064,1119,1117,1063,1177,1176
1119,1118,1064,1178,1177,1065,1120
1120,1179,1178,1065,1119,1121,1066
1121,1122,1180,1179,1066,1067,1120
1122,1180,1121,1067,1068,1181,1123
1123,1182,1181,1124,1122,1068,1069
1124,1184,1125,1182,1123,1069,1183
1125,1070,1126,1184,1124,1185,1069
1126,1070,1125,1185,1127,1071,1186
1127,1072,1128,1186,1187,1126,1071
1128,1127,1072,1129,1188,1073,1187
1129,1130,1189,1128,1188,1073,1074
1130,1190,1131,1189,1129,1075,1074
1131,1190,1130,236,181,293,1075
1132,1191,1133,1076,235,180
1133,1191,1132,1076,1077,1134,1192
1134,1078,1077,1193,1135,1133,1192
1135,1136,1079,1194,1193,1134,1078
1136,1135,1079,1137,1080,1195,1194
1137,1081,1138,1136,1080,1195,1196
1138,1081,1137,1082,1139,1197,1196
1139,1197,1138,1140,1198,1082,1083
1140,1084,1141,1083,1139,1198,1199
1141,1140,1084,1199,1200,1142,1085
1142,1200,1201,1143,1086,1141,1085
1143,1086,1087,1201,1142,1144,1202
1144,1087,1088,1202,1143,1203,1145
1145,1088,1146,1205,1144,1204,1203
1146,1147,1089,1088,1145,1205,1206
1147,1207,1206,1089,1090,1146,1148
1148,1207,1147,1090,1208,1149,1091
1149,1150,1209,1148,1208,1091,1092
1150,1149,1209,1210,1093,1151,1092
1151,1094,1152,1150,1093,1210,1211
1152,1151,1094,1095,1211,1212,1153
1153,1095,1096,1152,1212,1213,1154
1154,1213,1214,1155,1097,1096,1153
1155,1156,1098,1215,1214,1154,1097
1156,1155,1098,1215,1157,1099,1216
1157,1099,1100,1156,1216,1217,1158
1158,1159,1218,1101,1217,1100,1157
1159,1218,1158,1101,1219,1102,1160
1160,1103,1102,1161,1220,1219,1159
1161,1221,1220,1162,1104,1160,1103
1162,1161,1104,1163,1222,1221,1105
1163,1106,1105,1162,1222,1223,1164
1164,1225,1224,1223,1106,1163,1165
1165,1106,1107,1226,1166,1225,1164
1166,1227,1167,1226,1165,1107,1108
1167,1168,1228,1227,1166,1108,1109
1168,1228,1167,1109,1169,1229,1110
1169,1111,1170,1229,1230,1168,1110
1170,1169,1111,1112,1171,1231,1230
1171,1172,1113,1112,1170,1231,1232
1172,1171,1113,1114,1173,1233,1232
1173,1114,1172,1174,1234,1233,1115
1174,1234,1173,1116,1115,1175,1235
1175,1235,1236,1176,1117,1116,1174
1176,1236,1237,1177,1118,1175,1117
1177,1178,1238,1119,1237,1176,1118
1178,1238,1177,1119,1239,1179,1120
1179,1239,1178,1240,1120,1121,1180
1180,1122,1121,1241,1181,1240,1179
1181,1241,1180,1123,1182,1122,1242
1182,1123,1181,1124,1242,1183,1243
1183,1244,1243,1184,1124,1182,1245
1184,1124,1125,1246,1185,1183,1245
1185,1125,1126,1186,1247,1246,1184
1186,1127,1187,1248,1247,1185,1126
1187,1186,1127,1249,1188,1248,1128
1188,1249,1187,1189,1250,1128,1129
1189,1130,1129,1250,1188,1251,1190
1190,1130,1131,1251,1189,293
1191,1132,1133,1252,235,1192,1253
1192,1254,1253,1191,1193,1134,1133
1193,1255,1254,1134,1135,1192,1194
1194,1195,1136,1135,1193,1255,1256
1195,1196,1257,1194,1136,1137,1256
1196,1258,1257,1195,1138,1137,1197
1197,1139,1138,1259,1258,1198,1196
1198,1139,1140,1260,1259,1199,1197
1199,1141,1200,1261,1198,1260,1140
1200,1199,1141,1142,1201,1261,1262
1201,1202,1263,1262,1200,1142,1143
1202,1263,1201,1144,1143,1203,1264
1203,1202,1144,1264,1204,1265,1145
1204,1265,1266,1267,1145,1205,1203
1205,1145,1146,1268,1267,1206,1204
1206,1147,1207,1146,1268,1269,1205
1207,1147,1206,1270,1208,1148,1269
1208,1270,1207,1271,1209,1148,1149
1209,1149,1150,1272,1271,1208,1210
1210,1273,1272,1209,1150,1211,1151
1211,1274,1273,1212,1210,1151,1152
1212,1274,1211,1152,1153,1213,1275
1213,1154,1214,1276,1275,1153,1212
1214,1213,1154,1155,1215,1277,1276
1215,1156,1155,1277,1214,1216,1278
1216,1279,1278,1215,1156,1157,1217
1217,1279,1280,1158,1218,1216,1157
1218,1280,1281,1159,1158,1217,1219
1219,1281,1282,1220,1159,1218,1160
1220,1161,1221,1283,1160,1282,1219
1221,1161,1220,1283,1284,1222,1162
1222,1284,1285,1223,1162,1163,1221
1223,1285,1222,1163,1224,1164,1286
1224,1287,1286,1225,1164,1223,1288
1225,1224,1164,1226,1165,1289,1288
1226,1165,1166,1225,1227,1289,1290
1227,1167,1228,1291,1290,1166,1226
1228,1168,1167,1227,1291,1292,1229
1229,1293,1230,1169,1292,1228,1168
1230,1231,1170,1293,1229,1169,1294
1231,1230,1170,1232,1295,1294,1171
1232,1296,1295,1231,1233,1172,1171
1233,1234,1297,1296,1173,1172,1232
1234,1297,1233,1174,1173,1298,1235
1235,1175,1236,1299,1298,1234,1174
1236,1176,1237,1235,1175,1299,1300
1237,1236,1176,1177,1238,1301,1300
1238,1178,1177,1302,1239,1237,1301
1239,1178,1179,1240,1302,1238,1303
1240,1239,1179,1303,1304,1180,1241
1241,1180,1181,1240,1305,1304,1242
1242,1306,1305,1243,1181,1182,1241
1243,1242,1306,1183,1244,1307,1182
1244,1183,1243,1245,1309,1307,1308
1245,1244,1309,1310,1184,1246,1183
1246,1311,1247,1185,1310,1184,1245
1247,1248,1186,1311,1246,1185,1312
1248,1249,1187,1247,1186,1313,1312
1249,1187,1188,1248,1313,1250,1314
1250,1189,1188,1315,1251,1314,1249
1251,1316,354,1189,1190,1315,1250,293
1252,292,353,235,1191,1318,1253,1317
1253,1254,1192,1319,1318,1191,1252
1254,1255,1193,1253,1192,1319,1320
1255,1254,1193,1256,1321,1320,1194
1256,1321,1322,1255,1257,1194,1195
1257,1258,1196,1195,1322,1323,1256
1258,1324,1323,1257,1196,1197,1259
1259,1197,1258,1325,1324,1260,1198
1260,1326,1325,1259,1261,1198,1199
1261,1199,1200,1327,1262,1326,1260
1262,1201,1263,1327,1261,1328,1200
1263,1202,1201,1262,1264,1328,1329
1264,1263,1202,1203,1329,1330,1265
1265,1204,1266,1331,1330,1203,1264
1266,1265,1204,1331,1267,1332,1333
1267,1204,1266,1334,1333,1268,1205
1268,1335,1334,1267,1205,1269,1206
1269,1270,1207,1335,1268,1206,1336
1270,1207,1208,1337,1271,1269,1336
1271,1337,1270,1209,1272,1208,1338
1272,1339,1338,1209,1271,1210,1273
1273,1274,1340,1211,1210,1272,1339
1274,1340,1273,1211,1212,1275,1341
1275,1213,1276,1342,1341,1274,1212
1276,1213,1275,1214,1277,1342,1343
1277,1278,1344,1215,1214,1276,1343
1278,1277,1344,1279,1216,1215,1345
1279,1217,1280,1278,1216,1345,1346
1280,1218,1281,1279,1217,1347,1346
1281,1280,1218,1219,1282,1347,1348
1282,1281,1219,1349,1283,1220,1348
1283,1221,1284,1220,1349,1282,1350
1284,1285,1351,1283,1221,1350,1222
1285,1284,1351,1222,1286,1352,1223
1286,1353,1352,1285,1287,1224,1223
1287,1286,1224,1288,1354,1353
1288,1355,1289,1224,1225,1287,1354
1289,1355,1356,1226,1290,1225,1288
1290,1291,1227,1289,1226,1356,1357
1291,1290,1227,1228,1292,1357,1358
1292,1359,1358,1291,1228,1229,1293
1293,1294,1360,1229,1230,1359,1292
1294,1295,1361,1293,1360,1231,1230
1295,1361,1294,1362,1232,1296,1231
1296,1297,1363,1232,1295,1233,1362
1297,1234,1233,1363,1296,1364,1298
1298,1365,1364,1299,1234,1235,1297
1299,1366,1365,1298,1235,1236,1300
1300,1366,1367,1301,1237,1236,1299
1301,1302,1238,1368,1367,1300,1237
1302,1238,1239,1301,1369,1303,1368
1303,1240,1304,1239,1370,1369,1302
1304,1370,1371,1303,1240,1305,1241
1305,1306,1242,1371,1304,1241,1372
1306,1305,1242,1243,1307,1373,1372
1307,1373,1306,1243,1244,1308,1374
1308,1309,1376,1375,1244,1307,1374
1309,1308,1376,1310,1377,1244,1245
1310,1311,1378,1377,1309,1246,1245
1311,1246,1247,1378,1310,1312,1379
1312,1379,1380,1311,1247,1248,1313
1313,1248,1249,1312,1314,1381,1380
1314,1382,1315,1250,1249,1313,1381
1315,1383,1382,1314,1250,1251,1316
1316,354,418,1251,484,1315,1383
1317,1318,1384,417,353,1252
1318,1384,1317,1253,1319,1252,1385
1319,1320,1386,1253,1318,1254,1385
1320,1386,1319,1255,1321,1254,1387
1321,1256,1322,1255,1320,1387,1388
1322,1321,1256,1257,1323,1389,1388
1323,1324,1258,1390,1322,1257,1389
1324,1323,1258,1390,1325,1391,1259
1325,1391,1324,1392,1326,1259,1260
1326,1327,1393,1392,1325,1260,1261
1327,1326,1393,1394,1328,1261,1262
1328,1395,1329,1327,1394,1262,1263
1329,1395,1396,1328,1264,1330,1263
1330,1265,1331,1397,1329,1264,1396
1331,1265,1266,1398,1397,1332,1330
1332,1266,1331,1398,1399,1333,1400
1333,1267,1334,1266,1401,1400,1332
1334,1267,1333,1268,1335,1402,1401
1335,1268,1334,1269,1403,1402,1336
1336,1404,1337,1403,1335,1270,1269
1337,1404,1336,1270,1271,1338,1405
1338,1339,1272,1337,1271,1405,1406
1339,1338,1272,1406,1273,1340,1407
1340,1274,1273,1339,1341,1408,1407
1341,1342,1409,1275,1408,1340,1274
1342,1410,1409,1343,1341,1276,1275
1343,1411,1410,1342,1276,1277,1344
1344,1277,1278,1412,1411,1345,1343
1345,1412,1344,1279,1346,1278,1413
1346,1345,1279,1280,1414,1413,1347
1347,1415,1414,1280,1281,1346,1348
1348,1416,1415,1349,1281,1282,1347
1349,1282,1283,1416,1417,1348,1350
1350,1284,1351,1417,1418,1283,1349
1351,1284,1285,1350,1352,1418
1352,1353,1286,1285,1351,1418
1353,1352,1286,1418,1543,1287,1354,1419
1354,1355,1419,1287,1288,1353
1355,1289,1356,1354,1419,1288,1420
1356,1355,1289,1290,1357,1421,1420
1357,1356,1290,1421,1422,1291,1358
1358,1359,1292,1422,1423,1357,1291
1359,1424,1423,1358,1292,1293,1360
1360,1425,1424,1293,1294,1361,1359
1361,1295,1294,1362,1426,1425,1360
1362,1361,1295,1296,1426,1363,1427
1363,1428,1427,1297,1296,1364,1362
1364,1429,1365,1298,1297,1363,1428
1365,1429,1364,1298,1299,1366,1430
1366,1299,1365,1300,1367,1431,1430
1367,1366,1300,1431,1432,1368,1301
1368,1432,1367,1302,1369,1433,1301
1369,1433,1434,1303,1370,1302,1368
1370,1304,1371,1435,1434,1303,1369
1371,1370,1304,1305,1372,1436,1435
1372,1437,1436,1373,1305,1306,1371
1373,1307,1306,1372,1437,1438,1374
1374,1438,1439,1373,1307,1308,1375
1375,1441,1440,1376,1308,1439,1374
1376,1308,1309,1377,1442,1375,1441
1377,1378,1443,1442,1376,1310,1309
1378,1443,1377,1311,1310,1444,1379
1379,1312,1380,1378,1311,1445,1444
1380,1446,1445,1379,1312,1381,1313
1381,1447,1446,1314,1382,1380,1313
1382,1383,1315,1448,1447,1314,1381
1383,1382,1315,1448,1316,484
1384,1318,1317,1449,417,1450,1385
1385,1386,1319,1451,1384,1318,1450
1386,1452,1451,1320,1319,1385,1387
1387,1452,1386,1453,1320,1321,1388
1388,1454,1453,1387,1322,1389,1321
1389,1322,1323,1390,1455,1388,1454
1390,1323,1324,1455,1389,1391,1456
1391,1325,1324,1457,1456,1390,1392
1392,1458,1393,1326,1325,1391,1457
1393,1458,1392,1326,1327,1459,1394
1394,1460,1459,1393,1327,1328,1395
1395,1461,1396,1329,1328,1394,1460
1396,1461,1395,1397,1462,1329,1330
1397,1396,1462,1463,1398,1331,1330
1398,1397,1463,1331,1332,1399,1464
1399,1398,1332,1466,1400,1464,1465
1400,1401,1333,1332,1466,1399,1467
1401,1468,1402,1334,1333,1400,1467
1402,1468,1401,1335,1403,1334,1469
1403,1335,1402,1336,1469,1470,1404
1404,1336,1337,1471,1470,1403,1405
1405,1472,1471,1404,1337,1338,1406
1406,1339,1338,1472,1405,1473,1407
1407,1408,1474,1340,1473,1339,1406
1408,1407,1474,1475,1409,1341,1340
1409,1476,1475,1342,1410,1341,1408
1410,1343,1411,1477,1342,1409,1476
1411,1343,1410,1477,1412,1344,1478
1412,1479,1478,1411,1344,1345,1413
1413,1414,1346,1345,1479,1412,1480
1414,1347,1415,1413,1346,1481,1480
1415,1348,1416,1347,1414,1481,1482
1416,1348,1415,1349,1417,1482
1417,1418,1482,1416,1349,1350
1418,1417,1482,1350,1351,1352,1543,1353
1419,1483,1420,1544,1354,1355,1353,1543
1420,1483,1419,1421,1355,1356
1421,1483,1420,1356,1357,1484,1422
1422,1485,1484,1423,1421,1358,1357
1423,1424,1486,1359,1422,1485,1358
1424,1486,1423,1359,1360,1425,1487
1425,1360,1424,1426,1488,1487,1361
1426,1488,1489,1425,1362,1361,1427
1427,1363,1428,1362,1426,1490,1489
1428,1363,1427,1491,1490,1429,1364
1429,1364,1365,1491,1428,1430,1492
1430,1431,1366,1493,1365,1429,1492
1431,1494,1432,1367,1366,1430,1493
1432,1494,1431,1367,1368,1433,1495
1433,1496,1495,1369,1434,1368,1432
1434,1433,1369,1497,1496,1435,1370
1435,1498,1436,1497,1434,1370,1371
1436,1498,1435,1372,1437,1371,1499
1437,1438,1500,1499,1372,1436,1373
1438,1374,1439,1437,1500,1373,1501
1439,1438,1374,1502,1501,1375,1440
1440,1441,1375,1439,1503,1502
1441,1503,1442,1440,1375,1376
1442,1503,1441,1377,1376,1504,1443
1443,1378,1377,1444,1505,1504,1442
1444,1445,1506,1443,1378,1379,1505
1445,1380,1446,1444,1506,1507,1379
1446,1380,1445,1381,1447,1507,1508
1447,1448,1382,1381,1446,1508,1509
1448,1447,1382,553,484,1383,1509,1510
1449,1384,417,483,552,1511,1450
1450,1512,1511,1449,1384,1385,1451
1451,1452,1386,1513,1512,1385,1450
1452,1451,1386,1387,1453,1514,1513
1453,1514,1452,1388,1454,1387,1515
1454,1516,1515,1455,1388,1453,1389
1455,1516,1454,1517,1390,1389,1456
1456,1457,1391,1455,1390,1517,1518
1457,1456,1391,1392,1458,1518,1519
1458,1392,1393,1457,1459,1520,1519
1459,1460,1394,1458,1520,1521,1393
1460,1459,1394,1522,1521,1395,1461
1461,1395,1396,1522,1523,1462,1460
1462,1396,1397,1463,1461,1523,1524
1463,1397,1462,1398,1464,1525,1524
1464,1526,1465,1525,1463,1398,1399
1465,1526,1464,1466,1528,1527,1399
1466,1529,1467,1465,1528,1399,1400
1467,1529,1466,1530,1400,1401,1468
1468,1401,1402,1531,1530,1469,1467
1469,1468,1402,1531,1532,1403,1470
1470,1404,1471,1469,1403,1532,1533
1471,1472,1405,1534,1404,1470,1533
1472,1471,1405,1535,1534,1406,1473
1473,1536,1535,1406,1472,1474,1407
1474,1407,1408,1475,1537,1473,1536
1475,1409,1476,1408,1474,1537,1538
1476,1409,1475,1538,1539,1477,1410
1477,1478,1540,1410,1411,1476,1539
1478,1540,1477,1412,1479,1411,1541
1479,1412,1478,1541,1542,1413,1480
1480,1481,1543,1414,1542,1479,1413
1481,1543,1480,1414,1415,1482
1482,1417,1418,1481,1415,1416,1543
1483,1544,1484,1419,1420,1421
1484,1544,1483,1485,1422,1545,1421
1485,1484,1422,1423,1545,1546,1486
1486,1424,1423,1487,1547,1546,1485
1487,1547,1548,1424,1486,1488,1425
1488,1426,1489,1425,1548,1487,1549
1489,1488,1426,1490,1427,1550,1549
1490,1491,1428,1550,1551,1427,1489
1491,1490,1428,1429,1492,1552,1551
1492,1429,1430,1491,1552,1553,1493
1493,1430,1431,1494,1554,1553,1492
1494,1431,1432,1554,1493,1495,1555
1495,1433,1496,1556,1432,1494,1555
1496,1433,1495,1556,1557,1434,1497
1497,1557,1558,1498,1435,1434,1496
1498,1435,1436,1497,1558,1499,1559
1499,1500,1437,1560,1559,1436,1498
1500,1437,1438,1499,1561,1560,1501
1501,1502,1439,1561,1500,1438,1562
1502,1501,1439,1562,1440,1503
1503,1504,1563,1441,1442,678,1440,1502,1562,1612,1732
1504,1563,1503,1443,1505,1442
1505,1443,1504,1506,1444,1563
1506,1444,1445,1563,1507,1505
1507,1446,1508,1445,1563,1506
1508,1507,1446,1447,1563,1509
1509,1448,1510,1563,1508,1564,1447
1510,620,677,553,1509,1448,1564
1511,1450,1512,619,552,1565,1449
1512,1566,1513,1450,1511,1451,1565
1513,1566,1512,1514,1567,1451,1452
1514,1513,1567,1453,1452,1568,1515
1515,1516,1454,1514,1568,1453,1569
1516,1515,1454,1455,1517,1569,1570
1517,1516,1455,1456,1570,1571,1518
1518,1572,1519,1571,1457,1456,1517
1519,1520,1573,1572,1518,1457,1458
1520,1573,1519,1458,1459,1574,1521
1521,1460,1522,1575,1574,1459,1520
1522,1461,1523,1460,1521,1576,1575
1523,1522,1461,1462,1577,1576,1524
1524,1462,1523,1577,1578,1525,1463
1525,1464,1463,1524,1578,1579,1526
1526,1464,1465,1527,1580,1579,1525
1527,1582,1581,1526,1580,1465,1528
1528,1465,1466,1582,1583,1527,1529
1529,1466,1467,1530,1584,1528,1583
1530,1468,1531,1585,1467,1529,1584
1531,1468,1530,1585,1586,1532,1469
1532,1586,1531,1469,1587,1533,1470
1533,1587,1588,1532,1470,1471,1534
1534,1535,1472,1471,1589,1588,1533
1535,1534,1472,1590,1536,1473,1589
1536,1590,1535,1473,1591,1474,1537
1537,1592,1591,1538,1474,1475,1536
1538,1592,1593,1476,1539,1537,1475
1539,1538,1476,1593,1477,1540,1594
1540,1478,1477,1594,1595,1541,1539
1541,1479,1542,1595,1540,1478
1542,1541,1479,1595,1480,1543
1543,1481,1480,1724,1595,1542,1637,1482,1418,1353,1419,1544
1544,1483,1484,1419,1545,1543,1637,1596
1545,1544,1484,1485,1596,1546
1546,1597,1547,1596,1545,1486,1485
1547,1487,1548,1597,1546,1598,1486
1548,1547,1487,1488,1549,1598,1599
1549,1548,1488,1489,1550,1600,1599
1550,1551,1601,1490,1489,1600,1549
1551,1552,1602,1601,1550,1490,1491
1552,1602,1551,1603,1553,1491,1492
1553,1554,1604,1603,1552,1492,1493
1554,1604,1553,1494,1493,1555,1605
1555,1606,1556,1605,1494,1495,1554
1556,1607,1606,1555,1495,1496,1557
1557,1558,1608,1497,1556,1496,1607
1558,1557,1608,1497,1559,1609,1498
1559,1558,1609,1560,1499,1610,1498
1560,1561,1500,1559,1499,1611,1610
1561,1560,1500,1612,1611,1501,1562
1562,1502,1501,1503,1561,1612
1563,1504,1503,1508,1509,677,678,1564,1506,1507,1505
1564,1510,677,1509,1563
1565,1652,1613,676,619,1511,1512,1566
1566,1567,1613,1512,1513,1565
1567,1568,1613,1566,1513,1514
1568,1613,1567,1514,1515,1569
1569,1568,1613,1515,1516,1570
1570,1613,1571,1569,1516,1517
1571,1613,1570,1518,1572,1614,1517
1572,1518,1519,1571,1573,1614,1615
1573,1520,1519,1572,1574,1616,1615
1574,1616,1573,1617,1520,1575,1521
1575,1576,1522,1618,1617,1574,1521
1576,1575,1522,1618,1577,1523,1619
1577,1576,1523,1524,1619,1620,1578
1578,1621,1620,1577,1524,1579,1525
1579,1622,1621,1580,1578,1525,1526
1580,1579,1622,1623,1581,1526,1527
1581,1527,1582,1624,1625,1623,1580
1582,1527,1581,1625,1528,1583,1626
1583,1582,1528,1584,1627,1626,1529
1584,1529,1530,1627,1583,1628,1585
1585,1530,1531,1629,1628,1586,1584
1586,1629,1630,1587,1531,1532,1585
1587,1533,1588,1630,1631,1586,1532
1588,1587,1533,1632,1631,1589,1534
1589,1588,1534,1590,1535,1633,1632
1590,1634,1633,1535,1536,1589,1591
1591,1592,1537,1635,1634,1590,1536
1592,1591,1537,1635,1538,1593,1636
1593,1592,1538,1539,1636,1594
1594,1540,1595,1636,1593,1539
1595,1594,1540,1636,1542,1541,1724,1543
1596,1597,1637,1546,1544,1545
1597,1546,1547,1596,1637,1598,1638
1598,1597,1547,1639,1638,1548,1599
1599,1600,1640,1598,1548,1549,1639
1600,1601,1641,1640,1599,1550,1549
1601,1641,1600,1551,1550,1602,1642
1602,1552,1551,1603,1643,1642,1601
1603,1602,1552,1553,1604,1644,1643
1604,1554,1553,1603,1605,1645,1644
1605,1646,1645,1606,1555,1554,1604
1606,1556,1607,1647,1555,1646,1605
1607,1556,1606,1647,1608,1648,1557
1608,1557,1558,1607,1648,1609,1649
1609,1558,1559,1610,1650,1608,1649
1610,1560,1611,1651,1609,1650,1559
1611,1561,1612,1651,1560,1610
1612,1732,1720,1561,1611,1651,1682,1704,1562,1503
1613,1568,1567,1566,1614,1652,1565,1570,1571,1569
1614,1615,1652,1613,1571,1572
1615,1614,1652,1616,1572,1573
1616,1652,1617,1615,1574,1573
1617,1652,1616,1618,1575,1574
1618,1617,1575,1576,1653,1652,1619
1619,1577,1576,1654,1653,1618,1620
1620,1578,1621,1655,1577,1619,1654
1621,1622,1656,1578,1620,1655,1579
1622,1656,1621,1579,1580,1657,1623
1623,1580,1581,1657,1658,1624,1622
1624,1660,1659,1581,1625,1623,1658
1625,1626,1661,1624,1581,1582,1660
1626,1625,1661,1662,1627,1583,1582
1627,1584,1583,1626,1662,1663,1628
1628,1585,1629,1664,1627,1663,1584
1629,1586,1630,1585,1628,1665,1664
1630,1587,1631,1629,1586,1666,1665
1631,1630,1587,1632,1588,1667,1666
1632,1631,1588,1667,1633,1589,1668
1633,1634,1590,1669,1668,1589,1632
1634,1633,1590,1635,1669,1591
1635,1591,1592,1669,1634,1636
1636,1595,1594,1724,1669,1592,1635,1593
1637,1711,1735,1724,1543,1596,1597,1544,1670,1638,1745
1638,1639,1670,1598,1597,1637
1639,1640,1671,1638,1670,1598,1599
1640,1671,1639,1600,1599,1641,1672
1641,1601,1600,1673,1642,1640,1672
1642,1673,1641,1643,1674,1602,1601
1643,1674,1642,1675,1644,1603,1602
1644,1645,1676,1675,1643,1603,1604
1645,1644,1676,1646,1677,1605,1604
1646,1645,1677,1678,1606,1647,1605
1647,1607,1606,1679,1678,1648,1646
1648,1649,1680,1607,1608,1679,1647
1649,1680,1648,1650,1681,1609,1608
1650,1682,1681,1651,1609,1610,1649
1651,1650,1682,1611,1612,1610
1652,1614,1615,1613,1733,758,1616,1617,1565,676,1653,1683,1618
1653,1652,1683,1618,1619,1654
1654,1619,1653,1683,1620,1655
1655,1656,1683,1620,1621,1654
1656,1657,1683,1622,1621,1655
1657,1683,1656,1658,1622,1623
1658,1657,1683,1659,1684,1623,1624
1659,1660,1624,1684,1658,1686,1685
1660,1687,1661,1659,1624,1686,1625
1661,1687,1660,1625,1626,1662,1688
1662,1688,1661,1626,1627,1663,1689
1663,1689,1662,1627,1690,1664,1628
1664,1665,1691,1690,1663,1628,1629
1665,1666,1630,1664,1691,1692,1629
1666,1665,1630,1693,1667,1692,1631
1667,1632,1631,1693,1666,1668
1668,1693,1667,1633,1669,1632
1669,1633,1668,1724,1693,1635,1634,1636
1670,1671,1694,1638,1639,1711,1637
1671,1640,1639,1670,1694,1672
1672,1694,1671,1673,1695,1640,1641
1673,1641,1642,1672,1695,1674,1696
1674,1643,1642,1673,1696,1675,1697
1675,1643,1644,1698,1676,1697,1674
1676,1644,1645,1677,1698,1675,1699
1677,1645,1646,1676,1678,1699,1700
1678,1647,1679,1677,1646,1701,1700
1679,1648,1680,1647,1678,1702,1701
1680,1649,1648,1703,1681,1679,1702
1681,1650,1682,1703,1680,1704,1649
1682,1650,1681,1651,1612,1704
1683,1657,1656,1658,1652,1653,1655,1733,1654,1684
1684,1685,1733,1659,1658,1683
1685,1733,1684,1659,1686,1705
1686,1660,1659,1706,1687,1685,1705
1687,1660,1661,1706,1686,1688,1707
1688,1689,1708,1662,1661,1687,1707
1689,1708,1688,1709,1690,1663,1662
1690,1709,1689,1664,1691,1663,1710
1691,1664,1665,1690,1692,1710
1692,1691,1710,1665,1666,1693
1693,1710,1724,1666,1667,1668,1669,1692
1694,1670,1671,1672,1695,1711
1695,1672,1673,1694,1712,1696,1711
1696,1713,1712,1673,1674,1695,1697
1697,1698,1675,1713,1714,1674,1696
1698,1675,1676,1697,1714,1715,1699
1699,1698,1676,1700,1716,1715,1677
1700,1701,1678,1716,1699,1677,1717
1701,1718,1717,1702,1700,1678,1679
1702,1719,1703,1680,1679,1718,1701
1703,1704,1720,1680,1681,1719,1702
1704,1720,1703,1682,1612,1681
1705,1685,1733,1686,1706,1721
1706,1686,1687,1722,1721,1705,1707
1707,1723,1708,1687,1688,1722,1706
1708,1723,1707,1689,1688,1724,1709
1709,1689,1690,1708,1724,1710
1710,1693,1724,1691,1692,1709,1690
1711,1637,1735,1725,1712,1670,1694,1695
1712,1696,1713,1725,1711,1695
1713,1696,1712,1697,1714,1725,1726
1714,1713,1697,1698,1727,1726,1715
1715,1716,1728,1714,1698,1727,1699
1716,1728,1715,1700,1699,1729,1717
1717,1701,1718,1730,1700,1729,1716
1718,1701,1717,1730,1702,1731,1719
1719,1702,1703,1720,1732,1718,1731
1720,1704,1703,1732,1612,1719
1721,1734,1733,1722,1706,1705
1722,1723,1734,1721,1706,1707
1723,1707,1708,1722,1734,1724
1724,1734,1723,1710,1693,1669,1708,1709,1636,1595,1543,1637
1725,1711,1735,1712,1713,1726
1726,1714,1727,1725,1713,1735,1736
1727,1728,1737,1714,1726,1715,1736
1728,1738,1729,1716,1715,1737,1727
1729,1738,1728,1716,1717,1730,1739
1730,1717,1718,1729,1731,1739,1740
1731,1730,1718,1719,1732,1740
1732,1720,1612,1719,1503,1731,1740,1744,1747,1748
1733,1721,1734,1652,758,1685,1684,1683,1705
1734,1721,1733,1722,1723,1724
1735,1637,1711,1725,1745,1736,1741,1726
1736,1735,1741,1737,1727,1726
1737,1728,1727,1742,1741,1736,1738
1738,1728,1729,1743,1742,1737,1739
1739,1744,1740,1743,1729,1730,1738
1740,1744,1739,1730,1731,1732
1741,1735,1736,1745,1742,1737
1742,1745,1741,1737,1743,1738,1746
1743,1739,1744,1747,1742,1738,1746
1744,1739,1740,1743,1732,1747
1745,1637,1735,1741,1742,1746,1748
1746,1745,1748,1742,1743,1747
1747,1744,1732,1743,1746,1748
1748,1745,1746,1747,1732
1749,1793,1803,1790,1798,1807,1808
1750,1781,1794,1791,1810,1813,1818
1751,1789,1811,1816,1820,1796,1780
1752,1821,1822,1802,1806,1783,1779
1753,1795,1801,1785,1817,1829,1776
1754,1782,1814,1797,1826,1777,1831
1755,1845,1832,1770,1788,1827,1786
1756,1842,1844,1800,15,1764,1824
1757,1815,1775,1850,1805,1851,1771
1758,1854,1855,1819,1773,1768,1809
1759,1862,1856,1799,1765,1830,1778
1760,1861,1848,49,1839,1792,1761
1761,1835,1792,1760,49,19,48
1762,1804,1766,1828,1774,1859,1860
1763,1866,1865,1812,1767,1823,1772
1764,41,40,1853,1800,15,1756
1765,1799,1759,1778,1869,1863,1847
1766,1804,1762,1774,1838,1876,1870
1767,1812,1763,1834,1772,1872,1871
1768,1773,1758,1846,1877,1809,1884
1769,1841,1840,14,1961,1983,929
1770,1755,1788,1868,1786,1867,1885
1771,1878,1880,1775,1757,1857,1805
1772,1834,1887,1767,1888,1823,1763
1773,1889,1890,1768,1758,1846,1819
1774,1762,1828,1766,1895,1838,1896
1775,1815,1757,1857,1902,1771,1897
1776,1901,1875,1883,1795,1785,1753
1777,1898,1882,1797,1874,1754,1782
1778,1759,1765,1830,1906,1905,1847
1779,1900,1914,1783,1752,1881,1802
1780,1886,1910,1891,1796,1751,1789
1781,1794,1894,1750,1893,1913,1791
1782,1754,1814,1777,1911,1919,1874
1783,1806,1752,1779,1907,1881,1903
1784,3,1943,1843,13,12,1944
1785,1908,1909,1875,1776,1753,1817
1786,1868,1770,1827,1925,1755,1927
1787,6,1836,27,1955,26,1962
1788,1867,1921,1920,1832,1755,1770
1789,1751,1811,1915,1930,1780,1886
1790,1864,1798,1749,905,904,1793
1791,1935,1893,1917,1781,1750,1810
1792,1933,1934,1835,1848,1761,1760
1793,1803,1749,1912,1790,904,903
1794,1781,1894,1750,1918,1813,1924
1795,1753,1801,1776,1883,919,918
1796,1780,1891,1923,1816,1922,1751
1797,1777,1882,1826,1754,1932,1931
1798,1926,1950,1864,1790,1749,1807
1799,1948,1949,1856,1765,1759,1863
1800,1853,1952,1951,1764,1756,1842
1801,1795,1753,2328,1991,1829,919
1802,1752,1821,1942,1956,1900,1779
1803,1945,1929,1808,1793,1749,1912
1804,1762,1766,1965,1870,1859,1966
1805,1850,1757,1958,1959,1878,1771
1806,1903,1947,1946,1822,1752,1783
1807,1926,1969,1798,1749,1808,1941
1808,1941,1968,1929,1803,1807,1749
1809,1768,1877,1758,1854,1973,1974
1810,1917,1981,1750,1791,1954,1818
1811,1789,1751,1915,1957,1820,1982
1812,1767,1763,1871,1980,1977,1866
1813,1918,1960,1794,1750,1818,1953
1814,1782,1754,1831,1976,1987,1911
1815,1897,1995,1992,1757,1775,1851
1816,1967,1963,1796,1922,1820,1751
1817,1971,1908,1753,1785,1970,1829
1818,1988,1954,1750,1813,1953,1810
1819,1758,1855,1993,1773,1889,1994
1820,1816,1963,1957,1811,1751,1999
1821,1752,1822,1802,1972,1942,2000
1822,1821,1752,1806,1946,1986,1972
1823,2001,2002,1888,1772,1865,1763
1824,1844,1996,15,16,1997,1756
1825,1904,1892,1978,2047,1833,2237
1826,1797,1754,1931,1990,1831,1989
1827,2006,1845,1925,2015,1786,1755
1828,1762,1774,1895,2008,2007,1860
1829,1817,1970,2005,1801,1753,1991
1830,2017,1862,2016,1906,1759,1778
1831,2014,1989,1754,1826,1976,1814
1832,1845,1755,1920,1788,2004,2003
1833,1825,1892,2009,1977,1978,2190
1834,1887,1772,1767,1872,2020,2021
1835,1792,1933,1761,2069,2068,19
1836,6,1787,2025,1955,2012,1837
1837,1975,7,1836,2012,2013,6
1838,2029,2030,1766,1774,1876,1896
1839,93,2018,92,49,1760,1861
1840,1841,2102,1769,929,930,2326
1841,1840,2102,1769,1983,1916,2103
1842,1844,1756,1800,1951,2031,2019
1843,1852,13,1784,1944,2033,2027
1844,1996,1824,1842,1756,2019,2024
1845,1755,1832,2006,1827,2028,2003
1846,1773,1768,2038,1884,1890,2037
1847,1778,1905,2034,2035,1765,1869
1848,1861,1760,2036,1792,1934,2046
1849,1937,1858,1899,1873,1936,1879
1850,1805,1757,1851,1958,2022,2023
1851,2045,1992,1850,1757,2022,1815
1852,37,36,2027,2032,1843,13
1853,1800,1952,2201,1764,40
1854,1758,1855,1974,2053,2041,1809
1855,1758,1854,1819,2041,2042,1993
1856,2040,1948,2039,1862,1759,1799
1857,2066,2067,1775,1902,1880,1771
1858,1873,1939,2043,1937,1849,2202
1859,1860,2064,1762,1804,2079,1966
1860,2065,2007,1828,2064,1859,1762
1861,1760,1848,2036,2052,1839,2018
1862,1830,2017,1856,2039,2078,1759
1863,2089,2087,1949,1869,1765,1799
1864,2232,2327,1790,1798,1950,905
1865,1866,1763,2002,2083,1979,1823
1866,1763,1865,1979,1978,1977,1812
1867,1788,1921,2101,1885,1770,2100
1868,1770,1786,1927,1885,2090,2091
1869,2087,2088,1765,1863,2034,1847
1870,1876,2073,1965,1804,1766
1871,1767,1812,1980,1872,2061,2059
1872,2063,2020,2061,1834,1767,1871
1873,1858,1939,1849,1899,2119,2121
1874,1919,2147,1777,1898,2146,1782
1875,2148,1909,1776,1901,2149,1785
1876,1838,2030,1870,2073,2074,2075,1766
1877,2104,1884,1768,1809,1973,2105
1878,1771,1880,1959,2151,1805,2152
1879,1936,2098,1849,2127,1899,2126
1880,1771,1878,1857,2066,2152,2153
1881,1907,2142,1783,1779,1914,2144
1882,1898,1777,2158,2159,1932,1797
1883,1901,1776,2157,1795,918,917
1884,2104,1877,2155,2038,1846,1768
1885,2101,2150,1867,2090,1770,1868
1886,1780,1910,1930,2162,2161,1789
1887,1834,1772,2112,2113,2021,1888
1888,1823,2001,1772,2114,2113,1887
1889,1890,1773,1994,2094,1819,2095
1890,2096,2095,1889,1773,1846,2037
1891,1923,2324,2191,1780,1796,1910
1892,1825,1904,1833,2190,2050,2051
1893,1791,1935,2174,2173,1913,1781
1894,1794,1781,2177,1924,2178,1913
1895,2008,2187,1828,1774,1896,2179
1896,2179,2180,1774,1895,2029,1838
1897,1815,1995,1775,1902,2176,2175
1898,1882,1777,2146,2160,1874,2159
1899,2126,2123,2121,1849,1873,1879
1900,2171,2170,1779,1914,1802,1956
1901,2172,2149,1776,1875,1883,2157
1902,2188,2175,1775,1857,2067,1897
1903,1806,1947,2137,2139,1783,1907
1904,1825,1892,2132,2051,2143,2237
1905,2200,2035,2198,1906,1778,1847
1906,2199,2016,2198,1830,1905,1778
1907,1881,2142,1783,2141,1903,2139
1908,1909,2208,1971,1817,1785,2207
1909,2208,1908,1785,1875,2148,2209
1910,1780,1886,2161,2192,2191,1891
1911,2203,2204,1782,1919,1987,1814
1912,1803,1793,2194,902,903,1945
1913,2196,2178,2173,1894,1893,1781
1914,1779,1900,2170,2167,1881,2144
1915,1811,1789,1930,2138,1982
1916,1983,2211,2103,1841,2115
1917,1810,1981,1791,1935,2219,2220
1918,1924,2224,2223,1960,1813,1794
1919,2147,1874,2203,2210,1782,1911
1920,1832,1788,1921,2229,2230,2004
1921,1788,1867,2231,2230,2100,1920
1922,1923,895,1816,1796,1967,2235
1923,1891,2324,896,1922,895,1796
1924,2224,1918,1794,1894,2177,2225
1925,1827,2015,1786,1927,2323,2222
1926,2226,2227,1807,1969,1950,1798
1927,2222,2221,1868,1786,1925,2091
1928,5,2011,2254,2238,24,25
1929,2168,1968,2169,1803,1945,1808
1930,1789,1915,1886,2162,2138,2140
1931,2259,1990,2260,1826,1932,1797
1932,2158,1882,2261,1797,2260,1931
1933,2182,2069,1934,1792,1835,2183
1934,1933,1792,2183,1848,2046,2186
1935,1791,1893,2322,2174,1917,2219
1936,1879,2098,1937,1938,1998,1849
1937,2043,1858,1938,1936,1849,2042,2041
1938,1937,1936,1998,2041,2054
1939,1858,1873,2202,2026,2119,2116
1940,2092,2071,2026,2115,2211,1985
1941,2164,2165,1808,1968,1807,1969
1942,2000,2262,1802,1821,2263,1956,2264
1943,2154,3,1784,2274,2275,1944
1944,2276,2275,1943,2033,1843,1784
1945,2169,2193,1803,1929,2194,1912
1946,1806,1822,1986,2134,1947,2133
1947,1806,1903,2134,1946,2135,2137
1948,1856,2040,2245,2244,1949,1799
1949,2244,2243,2089,1863,1948,1799
1950,2227,2228,1926,1798,2232,1864
1951,1952,1800,2302,2031,2300,2306,1842
1952,1800,1853,1951,2201,2257,2300
1953,1960,2266,2267,1988,1818,1813
1954,1818,1988,2269,1981,1810,2270
1955,2025,1836,2293,1962,1787,2294
1956,1802,1900,2171,1942,2264
1957,2122,2120,1982,1811,1820,1999,2118
1958,2023,2110,2111,1959,1805,1850
1959,2156,2151,1958,2111,1878,1805
1960,1918,2223,2266,1953,1813
1961,14,1769,2280,2279,1984,1983
1962,2293,1955,2318,2292,1787,26
1963,2125,1967,1816,2124,1820,1999
1964,2072,2097,2080,1965,2073,2099
1965,1804,1870,2073,2080,1964,1966
1966,1859,1804,1965,2080,2079,2081
1967,2125,1963,1816,1922,2258,2235
1968,2168,1929,1941,1808,2163,2164
1969,1926,1807,2165,2166,2226,1941
1970,2289,2290,1817,1829,1971,2005
1971,1817,1908,2207,2288,2289,1970
1972,2130,1986,1822,1821,2000
1973,2106,2062,2105,2060,1974,1877,1809
1974,1854,2053,2060,2058,1973,1809
1975,7,1837,2013,2299,2,1
1976,2286,1987,1831,2014,1814
1977,1866,1978,1833,2009,1980,1812
1978,1825,2047,1866,1977,1979,1833
1979,1866,1865,2047,1978,2083,2212
1980,1871,1812,1977,2009,2059,2056
1981,2271,2220,1917,1810,1954,2270
1982,2122,1957,1915,2138,1811,2136
1983,2211,1916,1769,1841,1984,1961
1984,2279,2278,1961,1983,2211,1985
1985,2278,1984,2092,2211,1940
1986,1822,1946,2130,2129,2133,1972
1987,2286,1976,2287,2204,1814,1911
1988,1818,1954,1953,2267,2269,2268
1989,2014,1831,2283,1826,1990
1990,2283,2282,1931,2259,1826,1989
1991,2328,1801,2005,2307,920,1829
1992,2045,1851,1815,1995,2241,2242
1993,1994,2044,2042,2043,1855,1819
1994,1993,2044,2093,1889,2094,1819
1995,1815,1897,1992,2241,2240,2176
1996,2184,2185,2024,1844,1824,1997
1997,17,16,18,2185,1996,1824
1998,1936,1938,2054,2055,2048,2098
1999,2118,1957,1820,2124,1963
2000,1942,2262,2131,2130,1972,1821
2001,2002,1823,1888,2085,2086,2114
2002,2001,1823,2083,1865,2084,2085
2003,2028,1845,1832,2004,2304
2004,2303,2229,1832,2003,1920,2304
2005,2290,2291,1991,2307,1970,1829
2006,1827,1845,894,2308,2015,2028
2007,2248,2008,2065,1860,1828,2247
2008,2187,1895,2248,2007,1828
2009,1833,1977,1980,2190,2057,2056
2010,2218,2011,2314,2217,5,4
2011,2218,2239,1928,5,2010,2238
2012,2013,2297,1836,1837,2025,2296
2013,2299,1975,2012,2297,2298,1837
2014,1831,1989,2283,1976,2286,2285,2284
2015,1925,1827,2323,893,894,2006
2016,2199,1906,2252,2251,2017,1830
2017,1830,1862,2016,2251,2250,2078
2018,93,1839,2052,2319,94,1861
2019,2076,2077,2024,1844,1842,2031
2020,1872,2063,2107,2108,2021,1834
2021,2108,2109,2020,2112,1887,1834
2022,2108,2045,2023,1850,1851
2023,2107,2106,1958,2110,2022,2108,1850
2024,2184,1996,2077,2181,2019,1844
2025,1836,1955,2012,2296,2294,2295
2026,2116,2115,1940,2202,1939,2071
2027,2032,1852,2033,1843,2278,2279
2028,2304,2305,1845,2003,2308,2006
2029,2030,1838,1896,2076,2077,2180
2030,2029,1838,1876,2076,2075
2031,2302,1951,2076,2075,1842,2019
2032,2027,1852,2280,2279,38,37
2033,2277,2276,1944,1843,2027,2278
2034,2035,2217,2218,1847,1869,2088
2035,2034,2217,2200,2216,1905,1847
2036,1848,1861,2052,2046,2251
2037,2297,2096,2296,2038,1846,1890
2038,2296,2037,1884,1846,2295,2155
2039,1856,2040,1862,2248,2247,2078
2040,2247,2246,1856,1948,2039,2245
2041,1937,2042,1855,1854,2053,1938,2054
2042,1937,2043,2041,1993,1855
2043,1937,1858,2044,2202,2042,1993
2044,1994,1993,2202,2071,2093,2043
2045,2109,2108,2022,1851,1992,2242
2046,2186,2250,2251,2036,1848,1934
2047,1825,1978,2237,1979,2212,2312
2048,2057,2055,2098,1998,2049,2128
2049,2050,2190,2129,2128,2057,2048
2050,2049,2190,1892,2051,2130,2129
2051,2132,2131,1904,2130,1892,2050
2052,2253,2319,2018,2252,1861,2036,2251
2053,1854,1974,2054,2058,2041
2054,2053,2058,2055,1938,2041,1998
2055,2054,2058,2057,2056,1998,2048
2056,2059,2058,2057,2055,1980,2009
2057,2055,2056,2048,2190,2049,2009
2058,2060,1974,2054,2053,2059,2056,2055
2059,2060,2061,2058,2056,1871,1980
2060,2058,1974,1973,2062,2059,2061
2061,1872,2063,2059,2060,2062,1871
2062,1973,2106,2060,2063,2061
2063,1872,2020,2061,2106,2107,2062
2064,2085,2065,1860,1859,2079,2084
2065,2086,2085,2007,1860,2064,2247,2246
2066,2317,2067,1857,1880,2153,2310
2067,2066,2317,1857,2316,2188,1902
2068,2069,2184,2185,2315,1835,19
2069,2184,2181,2068,2182,1933,1835
2070,2072,2073,2189,2205,2256,2074
2071,2044,2202,2092,1940,2093,2026
2072,2097,1964,2073,2070,2189,2197
2073,2072,2070,2074,1870,1876,1965,1964
2074,2205,2070,2075,2073,1876
2075,2076,2031,2302,2205,2074,1876,2030
2076,2077,2019,2031,2075,2030,2029
2077,2076,2019,2181,2024,2180,2029
2078,2250,2249,2248,1862,2039,2017
2079,2082,2084,2064,1859,2081,1966
2080,2309,2081,1965,1964,1966,2099
2081,2309,2236,2080,2082,2079,1966
2082,2084,2079,2212,2081,2236
2083,2002,1865,1979,2212,2084
2084,2082,2079,2212,2064,2083,2085,2002
2085,2086,2065,2064,2001,2084,2002
2086,2246,2114,2065,2085,2001
2087,1869,2088,1863,2089,2240,2241
2088,2239,2218,1869,2087,2034,2240
2089,2243,2242,1863,2087,1949,2241
2090,2150,2289,2091,2290,1885,1868
2091,2290,2090,1868,1927,2291,2221
2092,2071,1940,2277,2093,1985,2278
2093,2092,2277,2071,2044,1994,2094
2094,1889,1994,2095,2093,2277,2275,2276
2095,2096,2274,1890,2094,1889,2275
2096,2297,2037,2095,2274,1890,2298
2097,2072,1964,2284,2283,2099,2197
2098,1879,1936,2048,1998,2128,2127
2099,2097,1964,2282,2309,2080,2283
2100,2101,2286,2285,2231,1921,1867
2101,2100,2286,1885,2150,2287,1867
2102,1840,1841,2103,2124,2125,2326
2103,2117,2124,2115,2102,1916,1841
2104,2111,2105,1877,1884,2155
2105,2104,2111,2106,1973,2110,1877
2106,1973,2062,2107,2023,2105,2063,2110
2107,2020,2108,2106,2023,2063
2108,2109,2045,2020,2107,2022,2021,2023
2109,2108,2045,2112,2243,2021,2242
2110,2111,2105,1958,2023,2106
2111,2104,2105,2156,2155,2110,1958,1959
2112,2244,2243,1887,2113,2109,2021
2113,2245,2244,1887,2112,2114,1888
2114,2246,2086,2245,1888,2001,2113
2115,2026,2116,2103,2117,1940,2211,1916
2116,2026,2115,2118,2117,2119,1939
2117,2124,2103,2115,2116,2118
2118,2116,2117,1999,1957,2120,2119,2124
2119,1939,1873,2116,2120,2121,2118
2120,2122,1957,2118,2119,2121
2121,2123,2122,1899,2120,2119,1873
2122,2121,2123,1957,2120,1982,2135,2136
2123,2121,2122,2126,1899,2135
2124,2117,2103,2125,1963,2118,1999,2102
2125,1963,1967,2124,2258,2326,2102
2126,2123,1899,2135,1879,2127,2134
2127,2098,2128,1879,2126,2133,2134
2128,2049,2129,2048,2098,2127,2133
2129,2049,2128,2130,1986,2050,2133
2130,2051,2131,2050,1986,2129,1972,2000
2131,2132,2051,2261,2262,2130,2000
2132,2131,2051,1904,2261,2143
2133,1986,1946,2129,2134,2127,2128
2134,1946,1947,2133,2127,2126,2135
2135,2123,2126,2134,1947,2137,2136,2122
2136,2137,2138,2135,2122,1982
2137,2136,2138,2139,2135,1947,1903
2138,2136,2137,2139,1930,2140,1915,1982
2139,2138,2137,2140,2141,1903,1907
2140,2139,2141,2162,2163,1930,2138
2141,2164,2142,2140,2139,1907,2163
2142,1907,1881,2164,2141,2144,2165
2143,1904,2237,2132,2261,2260,2145
2144,2166,2165,2142,1881,1914,2167
2145,2259,2260,2312,2237,2143,2281
2146,1898,2160,2147,2267,2266,1874
2147,2268,2267,1919,1874,2146,2210
2148,1875,1909,2149,2270,2209,2269
2149,2270,2148,1901,2172,2271,1875
2150,2090,2289,2101,1885,2288,2287
2151,1959,2156,2294,2293,1878,2152
2152,2292,2153,2151,2293,1880,1878
2153,2311,2310,2292,2152,2066,1880
2154,1943,3,2313,2298,2274,2299
2155,1884,2104,2295,2156,2038,2111
2156,1959,2151,2155,2295,2294,2111
2157,2172,1901,1883,2273,917,916
2158,2261,2262,1882,2159,1932,2263
2159,2158,1882,1898,2160,2264,2263
2160,2266,2265,1898,2146,2264,2159
2161,2168,2162,1886,2192,1910,2169
2162,1886,1930,2140,2163,2168,2161
2163,2164,1968,2141,2162,2140,2168
2164,2141,2142,1941,2165,2163,1968
2165,1941,2164,2144,2166,2142,1969
2166,2144,2165,2167,2225,1969,2226
2167,2224,2225,1914,2170,2166,2144
2168,1968,1929,2169,2161,2162,2163
2169,2168,1929,2193,2192,1945,2161
2170,1900,2171,1914,2167,2224
2171,1900,2170,2223,2224,1956,2264,2265
2172,1901,2149,2157,2272,2271,2273
2173,1913,2196,1893,2174,2234,884
2174,1893,2173,2322,885,884,1935
2175,2188,1902,2238,2176,2254,1897
2176,2239,2238,2240,2175,1995,1897
2177,2226,2225,1894,1924,2227,2178
2178,2228,2227,1913,2196,1894,2177
2179,2180,1896,2182,2187,2183,1895
2180,2179,1896,2182,2181,2077,2029
2181,2069,2184,2180,2182,2077,2024
2182,2180,2179,1933,2069,2181,2183
2183,1934,1933,2186,2187,2179,2182
2184,1996,2185,2069,2181,2024,2068
2185,1996,2184,2068,2315,1997,18
2186,2250,2046,1934,2183,2249,2187
2187,2008,1895,2248,2249,2186,2183,2179
2188,2175,1902,2067,2316,2254,2255
2189,2072,2070,2230,2231,2256,2197
2190,2050,2049,2057,2009,1833,1892
2191,881,2321,2324,1891,1910,2192
2192,2169,2193,2161,1910,2321,2191
2193,2169,2192,1945,2194,883,2321
2194,883,2193,1912,902,1945,901
2195,880,888,2272,2220,2219,2273,889
2196,1913,2178,2233,2228,2173,2234
2197,2231,2285,2284,2189,2097,2072
2198,2200,1905,1906,2199,2213,2214
2199,2016,1906,2252,2253,2198,2213
2200,2035,2216,1905,2198,2215,2214
2201,1952,1853,81,40,974,2206,2257
2202,2044,2071,1939,2026,2043,1858
2203,1911,2204,2207,2208,2210,1919
2204,2203,1911,2287,1987,2207,2288
2205,2070,2256,2301,2302,2074,2075
2206,973,2329,974,2201,2305,2257,2308
2207,2208,2203,1971,1908,2288,2204
2208,1909,1908,2209,2207,2203,2210
2209,2269,2210,2208,1909,2148
2210,2209,2269,2268,2203,2208,1919,2147
2211,1983,1916,1984,1940,2115,1985
2212,2082,2084,2236,2312,2047,1979,2083
2213,2253,2320,2199,2198,2214,50
2214,2215,51,2213,2198,50,2200
2215,52,20,51,2214,2216,2200
2216,2200,2035,2314,2217,20,2215
2217,2035,2034,2314,2216,2010,2218
2218,2088,2239,2011,2010,2034,2217
2219,2195,2220,880,2322,1917,1935
2220,1981,2271,2272,2195,2219,1917
2221,2222,1927,2325,2307,890,2291,2091
2222,2221,1927,2323,1925,891,890
2223,1918,1960,2171,2224,2265,2266
2224,2167,2225,1924,1918,2171,2223,2170
2225,2167,2224,2226,2177,2166,1924
2226,2225,2177,1926,2227,2166,1969
2227,1950,2228,1926,2226,2178,2177
2228,1950,2227,2178,2233,2196,2232
2229,2303,2004,2256,2301,2230,1920
2230,2231,2189,1921,2229,2256,1920
2231,2197,2285,2230,2189,1921,2100
2232,2327,1864,2233,2228,1950,906
2233,2228,2196,2232,906,2234,907
2234,884,908,2173,2196,2233,907
2235,932,933,2258,1922,1967,895
2236,2081,2309,2212,2082,2281,2312
2237,2143,1904,2047,1825,2312,2145
2238,2239,2176,2175,2254,1928,2011
2239,2088,2218,2011,2176,2238,2240
2240,2239,2176,2241,1995,2088,2087
2241,1995,2240,2089,2242,1992,2087
2242,2089,2243,2241,1992,2045,2109
2243,2244,2112,2089,2242,1949,2109
2244,2112,2243,2245,2113,1949,1948
2245,2113,2244,2246,2114,1948,2040
2246,2086,2114,2247,2040,2245,2065
2247,2246,2040,2065,2039,2248,2007
2248,2008,2007,2187,2039,2247,2249,2078
2249,2078,2250,2186,2187,2248
2250,2186,2046,2251,2078,2249,2017
2251,2046,2250,2016,2017,2036,2052,2252
2252,2016,2199,2253,2052,2251
2253,2052,2319,2252,2199,2213,2320
2254,1928,2238,25,2255,2175,2188
2255,60,59,2316,2254,25,2188
2256,2301,2229,2070,2205,2189,2230
2257,2300,2304,1952,2201,2206,2305
2258,2235,932,2326,931,2125,1967
2259,1931,1990,2145,2260,2282,2281
2260,2145,2259,2261,2143,1932,1931
2261,2158,2262,2131,2132,2143,1932,2260
2262,2261,2158,2131,1942,2000,2263
2263,1942,2262,2264,2158,2159
2264,2265,2160,1942,2263,2171,1956,2159
2265,2160,2266,2264,2223,2171
2266,1960,1953,2160,2265,2267,2146,2223
2267,1953,1988,2268,2147,2146,2266
2268,2267,2147,2210,2269,1988
2269,2209,2210,2268,1954,1988,2148,2270
2270,2149,2148,2271,1981,1954,2269
2271,1981,2220,2272,2172,2149,2270
2272,2195,2220,2273,2271,2172
2273,916,915,889,2195,2272,2172,2157
2274,2096,2095,2275,1943,2298,2154
2275,2276,1944,2274,1943,2095,2094
2276,1944,2275,2277,2033,2094
2277,2033,2276,2092,2093,2278,2094
2278,2279,2027,1984,1985,2092,2277,2033
2279,2280,2032,2278,2027,1961,1984
2280,2032,2279,1961,14,38,39
2281,2282,2309,2312,2236,2259,2145
2282,2283,1990,2281,2309,2099,2259
2283,1990,2282,2284,2097,2099,2014,1989
2284,2283,2097,2197,2285,2014
2285,2197,2231,2284,2100,2286,2014
2286,1987,1976,2100,2101,2285,2014,2287
2287,2204,1987,2101,2150,2288,2286
2288,2289,2150,1971,2207,2204,2287
2289,2150,2090,2288,2290,1970,1971
2290,2291,2005,2091,2090,2289,1970
2291,2290,2005,2221,2307,2091
2292,1962,2318,2311,2293,2153,2152
2293,1955,1962,2292,2294,2151,2152
2294,2025,1955,2156,2151,2293,2295
2295,2155,2156,2294,2025,2296,2038
2296,2038,2037,2012,2025,2297,2295
2297,2037,2096,2013,2012,2298,2296
2298,2274,2154,2299,2297,2096,2013
2299,2013,1975,2313,2,2154,2298
2300,2257,2304,2306,1951,1952,2303
2301,2302,2306,2256,2229,2303,2205
2302,2301,2306,2031,1951,2075,2205
2303,2004,2229,2301,2306,2300,2304
2304,2300,2257,2028,2305,2303,2004,2003
2305,2028,2304,2206,2257,2308
2306,2301,2302,2300,1951,2303
2307,921,2325,2221,2291,1991,2005,920
2308,894,2006,2028,928,2305,2206,2329
2309,2081,2236,2080,2282,2281,2099
2310,2153,2311,63,62,2317,2066
2311,2153,2310,63,64,2318,2292
2312,2281,2236,2212,2047,2237,2145
2313,11,10,2154,3,2,2299
2314,4,21,2216,2217,2010,20
2315,18,46,2185,2068,47,19
2316,61,60,2255,2067,2188,2317
2317,2066,2067,2316,62,61,2310
2318,1962,2292,64,2311,65,26
2319,2320,95,2052,2253,2018,94
2320,2319,95,2253,2213,50,96
2321,881,2191,882,2193,883,2192
2322,2174,885,880,886,2219,1935
2323,2222,1925,891,2015,893,892
2324,1923,1891,896,881,897,2191
2325,921,2307,2221,890,922
2326,2258,931,2125,2102,1840,930
2327,2232,1864,946,945,905,906
2328,1801,1991,962,961,920,919
2329,973,2206,972,2308,928
