1,10,34,2,11,9,2452
2,12,11,1,2432,2452,3
3,2051,13,12,2432,2367,2
4,2183,16,2428,2429,5,17
5,2429,4,17,18,19,2430
6,25,24,2191,2599,2598,7
7,26,27,2598,8,6,25
8,28,27,7,2598,2597,2703
9,2063,33,2325,2452,1,34
10,1,34,35,36,11,86
11,2,12,1,36,37,10
12,2,11,37,13,38,3
13,39,38,14,2051,3,12
14,39,40,13,2119,2051,2108
15,50,16,49,2692,2691,2183
16,51,17,2183,4,50,15
17,18,52,51,16,4,5
18,54,53,17,52,5,19
19,20,2430,5,55,54,18
20,19,2430,2614,21,56,55
21,22,57,20,2614,56,2613
22,21,57,2198,58,2613,2612
23,66,2704,24,67,2191,2431
24,6,25,67,23,68,2191
25,6,24,69,68,7,26
26,27,71,7,70,25,69
27,26,71,28,8,7,72
28,27,8,29,2703,72,73
29,28,2703,74,73,30,2320
30,75,74,2237,2321,29,2320
31,2111,2469,2705,32,83,82
32,2063,33,84,31,83,2111
33,32,2063,9,85,34,84
34,1,10,85,33,86,9
35,87,140,88,36,10,86
36,88,89,11,37,35,10
37,38,90,36,11,12,89
38,90,37,13,39,12,91
39,13,38,40,92,14,91
40,92,39,14,2108,93,41
41,42,94,93,2387,2108,40
42,41,94,95,2387,2300,43
43,2298,2300,96,95,44,42
44,97,96,45,2296,43,2298
45,97,44,2296,46,98
46,1020,994,1067,98,45,2296,2139
47,1176,99,48,2281,1066,1119
48,100,99,49,2692,2400,47,2281
49,100,48,50,101,15,2692
50,102,101,15,16,49,51
51,102,103,16,17,52,50
52,17,18,104,103,51,53
53,104,105,18,54,52,106
54,18,53,55,107,106,19
55,107,54,108,56,19,20
56,109,57,21,108,20,55
57,21,22,110,109,56,58
58,59,111,2198,22,110,57
59,112,111,58,2198,2586,60
60,2586,59,2194,113,112,61
61,113,60,2194,2193,62,114
62,2192,63,2193,61,114,115
63,116,115,2192,62,64,2242
64,2619,65,63,2242,117,116
65,2619,64,117,2704,66,118
66,67,119,2704,23,65,118
67,119,66,120,68,24,23
68,25,69,121,120,67,24
69,25,68,121,122,70,26
70,123,124,122,71,26,69
71,124,125,26,27,72,70
72,125,126,71,27,28,73
73,74,29,28,72,126,127
74,75,30,73,29,127,128
75,74,30,76,129,128,2237
76,77,130,75,129,2571,2237
77,76,130,2394,78,131,2571
78,2394,77,131,2393,79,132
79,133,132,2393,2392,78,80
80,79,133,134,2392,2510,81
81,2705,2510,82,134,80,135
82,83,136,81,2705,31,135
83,84,137,136,82,31,32
84,83,137,33,32,138,85
85,33,34,86,139,138,84
86,85,34,139,140,10,35
87,142,141,197,140,35,88
88,36,89,35,87,143,142
89,88,36,90,144,143,37
90,38,37,91,145,144,89
91,145,90,39,92,38,146
92,40,39,91,146,93,147
93,94,148,41,147,92,40
94,149,148,41,42,93,95
95,150,149,42,94,43,96
96,151,97,44,150,43,95
97,151,96,44,45,152,98
98,152,153,1067,46,97,45
99,1176,154,100,48,47
100,99,48,154,155,49,101
101,102,50,156,155,100,49
102,101,50,51,103,157,156
103,102,51,158,157,52,104
104,53,105,159,158,52,103
105,104,53,161,106,159,160
106,162,161,105,107,54,53
107,162,106,55,54,108,163
108,163,164,109,56,107,55
109,108,164,110,57,56,165
110,109,57,165,166,111,58
111,59,112,167,166,58,110
112,59,111,167,168,113,60
113,168,112,60,61,114,169
114,115,170,169,113,61,62
115,63,116,170,114,171,62
116,63,115,171,172,117,64
117,64,65,118,173,172,116
118,66,119,65,117,173,174
119,175,120,67,66,118,174
120,175,119,67,68,121,176
121,69,68,176,177,120,122
122,177,178,70,123,69,121
123,70,124,179,178,122,180
124,123,70,71,125,180,181
125,124,71,72,126,182,181
126,125,72,182,183,127,73
127,183,126,73,74,184,128
128,129,185,184,127,74,75
129,185,128,75,76,186,130
130,76,77,131,187,186,129
131,187,130,78,77,188,132
132,79,133,189,188,131,78
133,79,132,134,190,189,80
134,135,191,190,133,80,81
135,134,191,82,81,136,192
136,83,82,135,192,137,193
137,83,84,194,193,136,138
138,195,194,137,84,139,85
139,195,138,196,140,86,85
140,197,196,87,139,86,35
141,258,198,142,87,199,197
142,141,87,88,143,200,199
143,201,144,88,142,89,200
144,201,143,202,90,145,89
145,91,90,146,203,144,202
146,203,145,204,92,91,147
147,205,204,148,93,92,146
148,94,149,93,206,147,205
149,94,148,150,207,206,95
150,151,208,207,149,95,96
151,150,208,96,97,152,209
152,98,153,209,151,97,210
153,152,98,1120,211,1067,210
154,1176,99,100,155,212,213
155,156,214,154,100,213,101
156,214,155,102,157,101,215
157,216,158,103,102,156,215
158,216,157,103,104,159,217
159,218,217,105,160,104,158
160,159,105,161,220,219,218
161,106,162,105,160,221,220
162,106,161,107,222,221,163
163,108,164,107,222,162,223
164,163,108,224,223,109,165
165,164,224,166,225,110,109
166,167,111,226,225,165,110
167,166,111,112,168,227,226
168,228,227,167,112,113,169
169,114,170,229,228,168,113
170,115,114,169,230,229,171
171,115,116,172,170,230,231
172,173,232,116,117,171,231
173,172,232,117,118,233,174
174,119,175,234,233,173,118
175,119,120,176,235,174,234
176,121,177,236,235,175,120
177,237,236,122,178,176,121
178,179,123,238,177,122,237
179,178,123,238,239,180,240
180,241,181,240,179,123,124
181,241,180,242,125,182,124
182,125,126,243,183,181,242
183,126,127,243,182,244,184
184,183,244,245,185,128,127
185,129,128,246,245,184,186
186,246,247,130,187,185,129
187,131,130,247,248,188,186
188,249,248,189,132,187,131
189,249,250,188,132,190,133
190,134,191,133,250,251,189
191,251,252,134,135,190,192
192,136,135,252,191,253,193
193,254,253,194,137,192,136
194,254,255,195,138,193,137
195,196,256,255,194,138,139
196,140,197,256,195,257,139
197,140,196,87,257,258,141
198,258,141,259,321,199,260
199,260,198,141,200,261,142
200,199,261,262,142,143,201
201,143,144,202,262,263,200
202,144,201,203,145,264,263
203,146,145,202,264,204,265
204,205,147,146,203,265,266
205,204,147,267,206,148,266
206,268,207,149,148,267,205
207,268,206,269,150,149,208
208,150,151,270,269,209,207
209,152,151,210,271,270,208
210,272,271,211,153,152,209
211,1236,272,1177,1120,153,210
212,213,273,154,1176,1363,1297,1235
213,273,212,214,155,154,274
214,156,155,275,274,213,215
215,276,275,216,214,157,156
216,277,217,157,158,276,215
217,277,216,159,218,278,158
218,159,217,219,279,160,278
219,281,280,279,218,220,160
220,282,281,219,160,221,161
221,222,283,220,161,162,282
222,284,283,221,162,163,223
223,164,224,284,222,163,285
224,285,286,225,164,223,165
225,286,224,226,287,166,165
226,225,287,166,288,227,167
227,168,228,289,288,226,167
228,168,227,289,290,229,169
229,290,228,230,170,169,291
230,229,170,291,231,292,171
231,292,230,172,171,232,293
232,172,173,231,293,294,233
233,234,295,174,294,232,173
234,295,296,233,174,175,235
235,296,297,176,175,236,234
236,177,237,298,176,297,235
237,177,236,298,299,178,238
238,179,239,300,178,237,299
239,301,300,238,179,240,302
240,180,179,239,241,302,303
241,180,181,242,240,303,304
242,241,181,182,304,243,305
243,182,183,305,242,306,244
244,307,245,306,243,183,184
245,308,307,244,185,246,184
246,309,308,186,247,185,245
247,246,186,187,248,310,309
248,249,188,247,187,310,311
249,248,188,189,250,311,312
250,249,189,312,313,190,251
251,191,252,313,314,250,190
252,251,191,314,315,192,253
253,193,254,315,316,252,192
254,193,253,255,317,194,316
255,318,256,254,317,194,195
256,257,319,318,255,196,195
257,319,256,196,197,258,320
258,141,198,257,320,321,197
259,387,322,321,198,323,260
260,261,324,199,198,323,259
261,324,260,199,200,262,325
262,201,263,326,261,200,325
263,264,202,327,262,201,326
264,203,202,263,327,328,265
265,266,329,204,328,264,203
266,267,330,265,329,204,205
267,330,266,331,205,206,268
268,206,207,332,331,269,267
269,270,333,268,207,332,208
270,333,269,334,271,208,209
271,334,270,335,210,272,209
272,335,336,1236,210,271,211
273,213,212,1363,337,274
274,214,275,338,337,273,213
275,215,276,214,274,339,338
276,215,275,216,340,339,277
277,216,217,278,341,340,276
278,217,277,342,341,279,218
279,219,218,280,343,342,278
280,281,219,345,344,343,279
281,280,219,282,220,345,346
282,347,346,281,220,221,283
283,348,347,284,222,221,282
284,348,283,222,223,285,349
285,224,286,350,223,284,349
286,285,224,351,350,225,287
287,225,226,288,352,351,286
288,353,352,289,227,287,226
289,228,290,353,288,227,354
290,289,228,229,355,354,291
291,292,356,230,229,355,290
292,356,291,357,231,230,293
293,358,357,231,232,292,294
294,359,358,232,293,295,233
295,234,296,233,359,360,294
296,295,234,235,297,361,360
297,296,235,236,362,298,361
298,237,299,236,362,297,363
299,300,364,298,237,363,238
300,301,239,299,364,238,365
301,300,239,302,367,365,366
302,367,301,303,368,239,240
303,368,302,369,241,304,240
304,370,369,303,241,242,305
305,243,242,371,370,304,306
306,307,372,371,305,243,244
307,245,308,373,372,306,244
308,245,307,373,309,246,374
309,308,246,375,374,310,247
310,376,375,247,248,311,309
311,376,310,248,249,312,377
312,378,377,250,249,311,313
313,251,314,378,312,250,379
314,313,251,379,252,315,380
315,253,316,314,252,381,380
316,315,253,317,254,382,381
317,382,383,254,255,318,316
318,255,256,383,317,384,319
319,257,256,384,318,385,320
320,386,321,257,258,385,319
321,386,387,320,259,198,258
322,457,387,259,388,389,323
323,389,390,324,260,322,259
324,261,260,390,323,391,325
325,392,391,326,261,262,324
326,392,325,263,327,262,393
327,264,263,328,326,393,394
328,329,395,394,265,264,327
329,265,266,328,395,396,330
330,267,266,396,329,331,397
331,332,268,330,267,397,398
332,399,398,331,268,269,333
333,334,400,270,269,332,399
334,400,333,335,401,270,271
335,272,336,401,334,402,271
336,335,272,402,1236,403,1298
337,1363,273,404,338,405,274
338,339,406,275,405,337,274
339,340,407,406,338,275,276
340,407,339,341,277,276,408
341,342,278,409,340,277,408
342,343,410,341,278,409,279
343,410,342,344,280,279,411
344,413,412,345,280,343,411
345,344,413,414,346,281,280
346,347,415,414,282,345,281
347,346,415,348,283,282,416
348,347,283,284,417,416,349
349,418,417,285,350,284,348
350,351,286,285,349,418,419
351,350,286,352,420,287,419
352,353,288,351,420,287,421
353,421,422,352,288,289,354
354,355,290,353,422,423,289
355,356,424,291,354,290,423
356,424,355,292,291,357,425
357,356,292,293,358,426,425
358,294,359,293,357,426,427
359,294,358,427,428,360,295
360,428,359,429,361,295,296
361,429,360,296,297,362,430
362,297,298,361,431,363,430
363,431,362,432,364,299,298
364,299,300,365,363,432,433
365,434,433,366,364,300,301
366,436,367,365,434,435,301
367,436,366,302,301,368,437
368,303,302,367,437,438,369
369,370,439,303,368,304,438
370,371,440,439,369,304,305
371,440,370,305,441,306,372
372,307,306,442,373,371,441
373,307,308,374,443,442,372
374,373,443,375,309,308,444
375,376,310,374,309,444,445
376,446,445,375,310,311,377
377,378,447,312,446,376,311
378,447,377,312,313,379,448
379,314,313,449,380,448,378
380,450,449,381,315,379,314
381,382,451,380,315,316,450
382,452,383,317,381,451,316
383,452,382,317,318,453,384
384,318,319,385,454,453,383
385,386,455,454,384,319,320
386,321,387,320,456,455,385
387,386,321,322,457,259,456
388,458,529,322,389,459,457
389,323,390,460,388,322,459
390,389,323,391,461,324,460
391,462,461,390,392,325,324
392,391,325,326,462,463,393
393,463,464,326,327,392,394
394,464,465,328,395,393,327
395,328,329,394,465,466,396
396,329,330,466,467,395,397
397,468,467,396,330,398,331
398,469,468,399,332,397,331
399,469,470,398,332,333,400
400,334,333,399,470,471,401
401,335,334,472,402,400,471
402,336,335,472,401,473,403
403,473,1432,1298,1364,402,336
404,1503,474,1363,337,405,1431
405,406,475,474,338,337,404
406,407,476,339,338,405,475
407,340,339,476,406,408,477
408,478,477,409,407,340,341
409,410,479,341,342,478,408
410,343,342,409,479,411,480
411,344,412,481,343,410,480
412,481,482,483,413,344,411
413,483,412,344,414,484,345
414,346,415,485,413,484,345
415,346,347,414,416,486,485
416,417,487,415,486,347,348
417,487,416,418,488,349,348
418,489,419,417,488,349,350
419,489,418,490,420,350,351
420,491,490,351,352,421,419
421,353,422,492,491,420,352
422,421,353,493,492,423,354
423,424,494,422,493,354,355
424,356,355,495,494,425,423
425,426,496,495,424,356,357
426,496,497,425,358,357,427
427,358,359,428,426,497,498
428,359,427,498,499,360,429
429,360,361,430,500,499,428
430,431,501,429,500,361,362
431,430,501,362,363,432,502
432,433,503,431,363,502,364
433,432,503,504,365,434,364
434,365,433,366,505,504,435
435,436,507,366,505,506,434
436,366,367,507,435,508,437
437,509,508,368,438,436,367
438,439,510,437,368,369,509
439,438,510,511,370,369,440
440,371,370,512,511,439,441
441,512,513,371,440,442,372
442,514,513,443,373,372,441
443,373,374,515,514,444,442
444,443,374,515,516,445,375
445,446,376,516,517,444,375
446,445,376,377,447,517,518
447,378,377,446,448,518,519
448,519,520,379,449,378,447
449,380,450,379,448,521,520
450,380,449,381,451,521,522
451,381,382,452,450,522,523
452,382,383,453,524,451,523
453,524,452,525,454,384,383
454,526,525,455,385,453,384
455,526,454,456,386,385,527
456,387,457,455,386,527,528
457,322,387,528,529,456,388
458,529,602,530,531,459,388
459,532,460,531,458,389,388
460,532,459,389,390,461,533
461,462,391,390,460,533,534
462,461,391,535,463,534,392
463,393,464,536,535,462,392
464,394,465,463,393,536,537
465,464,394,395,466,537,538
466,467,539,396,465,395,538
467,468,397,466,539,396,540
468,398,469,467,397,541,540
469,398,468,399,470,541,542
470,469,399,543,542,400,471
471,472,544,543,470,400,401
472,544,471,401,402,473,545
473,403,1432,546,545,472,402
474,1576,547,1503,404,405,475
475,548,547,405,406,474,476
476,407,406,477,549,548,475
477,478,408,550,476,549,407
478,477,408,551,550,409,479
479,409,410,480,552,478,551
480,481,553,479,552,410,411
481,480,553,412,482,554,411
482,481,412,555,554,483,556
483,557,556,412,413,484,482
484,557,483,558,413,414,485
485,486,559,558,414,415,484
486,560,559,487,485,415,416
487,417,416,486,560,561,488
488,489,562,417,418,561,487
489,418,419,562,488,490,563
490,491,420,489,419,564,563
491,490,420,565,564,492,421
492,422,493,566,565,491,421
493,567,566,422,492,494,423
494,568,567,424,495,493,423
495,424,494,425,568,569,496
496,426,497,425,570,569,495
497,496,426,498,571,570,427
498,497,571,428,499,427,572
499,498,428,429,500,572,573
500,501,574,429,430,499,573
501,430,431,500,574,575,502
502,576,503,501,431,575,432
503,432,433,504,576,502,577
504,433,503,577,578,505,434
505,578,579,435,506,504,434
506,507,580,505,435,579
507,436,435,580,508,506
508,580,507,437,509,436,581
509,437,508,438,510,582,581
510,438,439,511,583,582,509
511,510,439,583,440,512,584
512,585,513,584,440,511,441
513,585,512,514,586,441,442
514,586,513,515,443,587,442
515,588,587,514,443,444,516
516,588,515,444,517,589,445
517,589,516,445,518,590,446
518,590,517,447,446,519,591
519,591,592,448,520,447,518
520,519,448,521,593,449,592
521,593,594,450,449,522,520
522,450,451,521,594,595,523
523,451,452,596,595,522,524
524,453,452,596,597,525,523
525,454,526,597,598,524,453
526,598,599,454,525,455,527
527,456,528,599,600,455,526
528,529,601,457,600,527,456
529,458,602,601,528,457,388
530,458,531,602,603,673,604
531,605,604,530,458,532,459
532,459,460,605,606,531,533
533,534,607,606,460,461,532
534,533,607,608,535,461,462
535,608,534,463,536,462,609
536,610,609,463,535,464,537
537,536,464,610,611,538,465
538,539,612,611,537,465,466
539,466,467,612,538,540,613
540,614,541,468,539,467,613
541,614,540,468,469,542,615
542,543,470,469,541,615,616
543,542,470,617,616,471,544
544,472,471,618,617,543,545
545,473,546,619,618,544,472
546,473,545,1432,1504,620,619
547,1576,474,475,548,622,621
548,475,547,623,622,549,476
549,476,477,624,623,550,548
550,551,625,478,624,477,549
551,552,626,550,625,478,479
552,553,627,551,626,479,480
553,480,481,552,627,554,628
554,629,555,628,482,481,553
555,629,554,482,556,630
556,557,483,482,631,630,555
557,556,483,484,631,558,632
558,559,633,632,557,484,485
559,633,558,486,560,634,485
560,635,634,486,559,487,561
561,562,488,636,635,560,487
562,489,488,561,563,637,636
563,564,638,490,562,489,637
564,563,638,565,491,639,490
565,640,639,564,491,492,566
566,567,641,493,492,640,565
567,641,566,493,494,568,642
568,569,643,494,567,642,495
569,570,644,643,568,495,496
570,569,644,571,645,496,497
571,497,498,645,570,646,572
572,498,499,571,646,647,573
573,648,574,500,572,499,647
574,500,501,649,575,648,573
575,649,574,501,502,576,650
576,577,651,502,503,575,650
577,651,576,652,504,503,578
578,652,579,577,505,504
579,717,773,652,578,505,506,580
580,507,508,506,579,773,581,653
581,582,653,508,580,509
582,581,653,510,583,509
583,654,584,510,511,582,653
584,654,583,585,512,511,655
585,512,513,584,656,655,586
586,514,513,585,656,587,657
587,588,515,586,657,658,514
588,587,515,658,589,659,516
589,588,659,590,660,517,516
590,661,660,589,518,517,591
591,519,592,662,661,590,518
592,591,519,593,663,520,662
593,594,664,521,663,520,592
594,593,664,595,665,521,522
595,665,594,666,522,523,596
596,524,597,523,595,666,667
597,596,524,668,667,598,525
598,526,599,668,669,597,525
599,598,526,600,670,669,527
600,599,670,671,528,601,527
601,671,672,602,529,528,600
602,672,601,529,458,673,530
603,675,604,530,673,736,674
604,605,531,675,603,530,676
605,604,531,606,677,676,532
606,605,677,533,607,678,532
607,533,534,679,678,606,608
608,680,609,534,607,679,535
609,680,608,681,536,610,535
610,536,609,681,682,537,611
611,537,538,612,682,610,683
612,539,538,611,683,684,613
613,614,685,684,612,539,540
614,613,685,540,541,686,615
615,616,687,686,614,542,541
616,687,615,617,543,542,688
617,616,543,618,544,688,689
618,617,544,690,619,689,545
619,691,690,618,545,620,546
620,1504,1577,1647,691,619,546
621,1646,1712,622,692,1576,547
622,692,621,693,548,623,547
623,624,549,694,548,622,693
624,625,695,550,623,549,694
625,624,695,550,551,626
626,551,552,627,695,625
627,552,553,628,695,626
628,629,554,553,627,695
629,554,555,628,696,630,803,845,753,695
630,696,629,631,556,555
631,630,696,632,697,556,557
632,698,697,631,558,557,633
633,699,698,559,558,632,634
634,635,560,700,699,633,559
635,634,560,700,701,636,561
636,562,637,701,635,561,702
637,638,703,562,636,563,702
638,563,564,704,703,639,637
639,565,640,705,704,564,638
640,706,705,565,639,641,566
641,567,566,642,707,640,706
642,707,641,708,643,568,567
643,569,568,709,708,644,642
644,569,570,710,709,645,643
645,646,711,571,570,710,644
646,711,645,712,571,572,647
647,713,648,646,572,712,573
648,573,574,713,647,649,714
649,574,575,648,715,714,650
650,716,715,649,576,651,575
651,577,576,717,716,652,650
652,651,577,717,579,578
653,581,582,718,773,583,654,580
654,583,584,653,718,655
655,654,584,718,656,585
656,657,719,718,655,585,586
657,656,719,720,658,586,587
658,721,659,720,657,587,588
659,721,658,722,588,589,660
660,590,661,723,722,589,659
661,590,660,723,724,662,591
662,661,591,724,592,663,725
663,725,726,593,664,592,662
664,593,594,727,665,663,726
665,595,594,727,664,728,666
666,665,595,667,729,728,596
667,729,666,668,730,597,596
668,730,731,667,597,669,598
669,599,670,732,731,668,598
670,599,600,671,669,732,733
671,601,672,670,600,734,733
672,671,601,602,734,735,673
673,735,672,736,602,530,603
674,738,675,790,736,737,603
675,603,604,676,739,738,674
676,739,675,740,677,604,605
677,740,676,605,606,741,678
678,607,679,606,742,741,677
679,742,743,607,678,608,680
680,608,609,681,679,744,743
681,680,609,744,745,610,682
682,681,610,745,746,683,611
683,747,746,682,684,612,611
684,685,613,748,747,683,612
685,613,614,684,749,748,686
686,685,614,615,750,749,687
687,616,615,688,751,686,750
688,752,751,687,617,689,616
689,688,617,690,618,752
690,691,619,618,689,752
691,690,619,1647,620,752
692,622,621,693,1712,1765
693,622,692,694,1765,623
694,623,624,695,1765,693
695,624,625,629,845,628,627,626,1765,694
696,697,753,629,630,631
697,753,696,632,698,754,631
698,699,633,632,697,754,755
699,698,633,700,756,755,634
700,634,635,701,757,756,699
701,635,700,757,636,758,702
702,703,759,637,701,636,758
703,704,760,638,702,759,637
704,705,761,760,703,638,639
705,706,640,761,704,762,639
706,705,640,763,762,707,641
707,642,641,764,763,708,706
708,765,764,707,643,709,642
709,765,766,710,644,643,708
710,709,644,766,767,711,645
711,646,645,710,768,767,712
712,713,769,768,646,711,647
713,769,712,647,648,714,770
714,715,771,770,713,648,649
715,772,771,714,649,650,716
716,651,717,772,650,715
717,579,773,651,716,772,821,652
718,719,773,653,654,655,656
719,720,773,718,656,657
720,773,719,774,721,658,657
721,658,659,774,720,722,775
722,660,723,659,721,775,776
723,660,722,661,724,777,776
724,723,661,662,777,778,725
725,663,726,662,724,778,779
726,727,780,725,663,664,779
727,726,780,664,665,728,781
728,781,782,665,727,729,666
729,730,783,667,666,782,728
730,729,783,731,784,668,667
731,730,784,668,785,732,669
732,785,731,786,733,670,669
733,734,787,786,732,671,670
734,735,788,672,733,787,671
735,734,788,672,673,736,789
736,790,789,673,735,674,603
737,837,791,790,792,738,674
738,793,739,792,737,674,675
739,794,793,738,676,675,740
740,795,794,676,677,741,739
741,796,742,795,740,677,678
742,679,743,796,741,678,797
743,742,679,744,798,797,680
744,743,798,680,681,745,799
745,744,681,799,800,682,746
746,801,800,747,683,745,682
747,802,801,746,683,684,748
748,749,685,684,747,802
749,748,685,750,686,802
750,749,686,802,687,751
751,752,688,687,750,802
752,751,688,802,1713,689,690,691,1647
753,697,696,803,754,629
754,804,803,753,698,697,755
755,805,804,756,699,754,698
756,700,699,757,806,805,755
757,807,806,701,700,756,758
758,701,757,807,808,759,702
759,809,808,702,703,760,758
760,704,703,761,809,810,759
761,705,704,811,810,762,760
762,811,812,761,706,763,705
763,812,813,764,707,706,762
764,708,765,763,707,814,813
765,709,766,708,764,815,814
766,765,709,767,816,710,815
767,766,816,817,710,768,711
768,817,767,818,712,769,711
769,819,818,713,712,768,770
770,714,771,820,713,769,819
771,715,772,821,714,770,820
772,715,771,821,716,717
773,720,719,774,893,940,717,579,718,894,862,970,653,821,580,822,958
774,773,720,721,822,775
775,776,822,774,721,722
776,822,775,723,777,722,823
777,723,776,724,824,823,778
778,724,777,824,825,725,779
779,826,825,778,725,726,780
780,726,727,826,827,779,781
781,728,782,727,780,828,827
782,781,728,829,828,783,729
783,729,730,829,782,830,784
784,730,731,785,783,831,830
785,832,831,784,731,732,786
786,833,832,732,785,733,787
787,733,734,833,786,788,834
788,734,735,835,834,787,789
789,790,736,735,788,835,836
790,737,837,789,736,674,836
791,875,837,737,838,792,839
792,737,738,793,840,791,839
793,840,841,739,794,738,792
794,739,793,795,740,841,842
795,794,740,843,842,741,796
796,741,742,797,844,795,843
797,844,796,798,742,743
798,797,844,743,744,799
799,800,844,798,744,745
800,746,801,799,844,745
801,802,747,746,800,844
802,801,747,844,1766,962,748,878,749,750,751,752,1713
803,804,754,845,753,629
804,803,754,845,805,755,846
805,847,806,804,755,846,756
806,848,847,807,757,805,756
807,806,848,757,849,758,808
808,809,759,758,807,850,849
809,851,810,808,759,760,850
810,851,809,761,811,760,852
811,761,810,812,853,762,852
812,854,813,763,853,811,762
813,854,812,763,814,764,855
814,815,856,813,764,765,855
815,816,857,814,856,766,765
816,766,767,815,857,817,858
817,816,767,768,858,818,859
818,769,819,860,859,768,817
819,769,818,861,860,820,770
820,771,770,861,819,821
821,772,771,820,861,893,773,717
822,823,862,776,775,773,774
823,862,822,824,776,777
824,825,862,823,777,778
825,862,824,779,826,863,778
826,779,825,827,864,780,863
827,828,865,864,826,780,781
828,782,829,827,865,866,781
829,782,828,783,867,866,830
830,868,867,829,783,831,784
831,785,832,830,784,869,868
832,785,831,786,833,870,869
833,786,832,787,871,870,834
834,835,788,787,833,872,871
835,834,788,872,873,836,789
836,835,873,837,874,789,790
837,791,875,737,790,836,874
838,905,876,877,839,875,791
839,878,877,838,791,792,840
840,793,841,792,878,839
841,840,793,794,878,842
842,843,795,878,841,794
843,842,795,878,796,844
844,797,796,798,801,802,878,843,799,800
845,929,948,906,804,803,879,846,629,695,1765
846,847,879,805,845,804
847,848,806,805,880,879,846
848,847,806,881,880,807,849
849,848,807,850,808,882,881
850,851,883,882,809,808,849
851,850,883,809,810,852,884
852,885,853,810,851,811,884
853,885,886,854,812,811,852
854,812,813,887,855,853,886
855,856,888,887,854,814,813
856,855,888,814,815,889,857
857,815,816,858,890,889,856
858,857,890,859,891,816,817
859,858,891,892,818,860,817
860,861,893,892,818,859,819
861,893,860,819,820,821
862,825,824,894,863,773,823,822
863,894,862,825,826,864
864,827,826,865,894,863
865,827,828,864,895,894,866
866,867,896,895,865,828,829
867,830,868,866,896,897,829
868,830,867,898,897,869,831
869,868,898,870,832,831,899
870,869,832,833,871,899,900
871,872,901,833,870,900,834
872,901,871,835,873,902,834
873,872,835,836,903,902,874
874,836,837,875,904,873,903
875,791,837,905,838,904,874
876,962,928,905,838,877
877,839,878,838,962,876
878,839,877,842,843,962,840,841,844,802
879,906,880,847,846,845
880,881,848,906,879,847,907
881,880,848,882,908,849,907
882,883,909,881,908,850,849
883,909,882,850,851,910,884
884,910,883,885,911,852,851
885,912,911,886,853,852,884
886,887,913,885,912,853,854
887,886,913,854,855,914,888
888,855,856,889,915,914,887
889,916,915,888,856,890,857
890,857,858,917,916,891,889
891,892,918,858,859,917,890
892,891,918,860,893,859
893,773,940,861,860,892,918,821
894,862,863,773,895,865,864,919,958,941
895,894,865,896,919,866
896,866,867,919,895,897
897,868,898,896,919,920,867
898,868,897,899,921,920,869
899,898,921,900,922,870,869
900,899,922,870,923,901,871
901,872,871,923,900,924,902
902,924,901,925,903,873,872
903,926,925,902,873,874,904
904,875,905,926,927,874,903
905,838,876,875,904,928,927
906,879,880,907,929,845
907,930,929,880,906,908,881
908,881,882,909,931,930,907
909,883,882,910,932,908,931
910,911,933,932,909,883,884
911,933,910,934,912,885,884
912,935,934,913,911,885,886
913,935,912,886,887,914,936
914,915,937,936,913,888,887
915,937,914,916,938,889,888
916,915,938,917,939,889,890
917,918,940,916,939,890,891
918,891,892,940,917,893
919,896,895,894,897,920,941
920,897,898,919,941,921
921,898,899,922,941,920
922,923,942,899,900,921,941
923,942,922,943,900,901,924
924,925,944,943,901,923,902
925,903,926,944,924,945,902
926,903,925,946,945,927,904
927,947,946,928,905,926,904
928,876,962,947,927,905
929,930,948,907,845,906
930,948,929,907,931,949,908
931,932,950,949,909,908,930
932,931,950,933,910,951,909
933,911,910,932,951,934,952
934,912,935,933,911,952,953
935,912,934,913,936,954,953
936,954,935,937,914,955,913
937,915,914,936,955,938,956
938,915,916,937,956,957,939
939,940,957,916,917,938
940,893,773,970,957,939,918,917
941,919,920,894,942,922,921,958
942,923,922,943,941,958
943,923,942,958,924,944
944,925,924,943,958,959,945
945,960,959,925,944,926,946
946,927,947,961,960,926,945
947,927,946,961,962,928
948,930,929,845,979,983,973,963,949
949,931,950,948,963,930
950,931,932,951,949,964,963
951,933,932,950,952,964,965
952,934,933,951,953,966,965
953,934,952,967,966,935,954
954,968,955,936,935,967,953
955,968,954,956,969,936,937
956,957,970,955,969,937,938
957,970,956,940,938,939
958,773,894,941,942,943,944,971,959
959,945,960,971,958,944
960,945,959,971,961,946
961,946,947,971,960,972,962
962,876,928,947,961,972,802,1766,877,878
963,964,950,973,948,949
964,963,950,973,951,965,974
965,952,966,974,964,951,975
966,976,975,952,965,967,953
967,977,976,966,953,954,968
968,954,955,978,969,967,977
969,955,956,978,968,970
970,957,956,985,978,940,969,773
971,958,959,960,961,972
972,971,961,962
973,974,979,963,964,948
974,979,973,980,975,965,964
975,981,976,966,980,974,965
976,977,982,981,975,966,967
977,976,982,978,967,968
978,985,982,977,970,968,969
979,983,980,974,973,948
980,983,979,984,981,974,975
981,975,976,984,980,982,985
982,978,985,976,977,981
983,979,980,984,948
984,980,981,985,983
985,978,982,970,981,984
986,999,998,2589,2590,2551,987
987,1000,999,988,2706,2551,986
988,1001,1000,987,2706,989,1002
989,2707,2685,1003,2706,1002,988
990,2216,2020,1009,1010,2021,991
991,2021,992,1012,1011,1010,990
992,2021,991,1012,1013,2669,2022
993,2381,1018,2382,2358,1016,1017
994,1020,46,2708,2293,2139
995,1024,1023,996,2258,2259,2699
996,995,1024,2259,2260,997,1025
997,1026,1025,2589,2260,996,998
998,986,999,2589,1027,1026,997
999,986,998,1000,987,1028,1027
1000,988,1001,999,987,1028,1029
1001,988,1000,1030,1029,1031,1002
1002,1031,1001,1032,1003,989,988
1003,1004,1033,989,2707,1032,1002
1004,1003,1033,1034,1005,2693,2707
1005,2694,2693,1004,1034,2709,1035
1006,1040,1041,2038,1972,2286,2710
1007,1042,1043,2651,2340,2710,1008
1008,1009,1044,2216,1043,1007,2340
1009,1010,1045,1008,1044,2216,990
1010,1045,1009,991,1011,1046,990
1011,991,1012,1048,1047,1010,1046
1012,991,992,1011,1013,1049,1048
1013,992,2669,1012,1014,1050,1049
1014,2208,1051,2667,1013,2669,1050
1015,1058,2650,2649,2358,1016,1059
1016,2358,993,1017,1015,1060,1059
1017,1062,1061,993,1018,1016,1060
1018,1063,1019,2381,993,1017,1062
1019,1063,1018,2284,2381,2283,1064
1020,46,994,1067,2708,1021,1068
1021,2698,1022,1069,1068,1020,2708
1022,1070,1023,1021,2698,2699,1069
1023,1024,995,1070,1022,2699,1071
1024,1023,995,996,1072,1025,1071
1025,1026,1073,997,1072,1024,996
1026,1073,1025,997,1074,1027,998
1027,1075,1028,1074,999,1026,998
1028,1076,1075,1000,999,1027,1029
1029,1030,1001,1077,1076,1028,1000
1030,1029,1001,1077,1079,1078,1031
1031,1079,1030,1001,1002,1032,1080
1032,1081,1080,1003,1033,1002,1031
1033,1003,1004,1034,1082,1032,1081
1034,1033,1004,1005,1082,1083,1035
1035,1084,1036,2709,1083,1034,1005
1036,1085,1037,1084,1035,2709,2587
1037,1085,1036,2587,2170,1038,1086
1038,1992,2170,1086,1037,1087,1039
1039,1088,1040,1087,1038,1972,1992
1040,1088,1039,1006,1041,1972,1089
1041,1090,1089,2710,1042,1040,1006
1042,1007,1043,2710,1090,1091,1041
1043,1042,1007,1008,1044,1092,1091
1044,1008,1009,1043,1092,1093,1045
1045,1010,1009,1046,1094,1093,1044
1046,1045,1094,1095,1047,1011,1010
1047,1011,1048,1097,1096,1095,1046
1048,1011,1047,1097,1098,1049,1012
1049,1013,1050,1099,1098,1048,1012
1050,1099,1100,1051,1014,1013,1049
1051,1014,2208,1052,1101,1050,1100
1052,1102,1101,1051,2019,1053,2208
1053,1102,1103,1054,2019,1052,1961
1054,1104,1103,2058,1961,1053,2711
1055,2543,2542,1056,1108,1107,2712
1056,1108,1055,2542,2544,1057,1109
1057,1056,2544,1109,2650,1058,1110
1058,1111,1059,2650,1015,1110,1057
1059,1111,1058,1060,1112,1015,1016
1060,1112,1113,1059,1016,1017,1061
1061,1062,1017,1114,1113,1115,1060
1062,1063,1116,1061,1017,1018,1115
1063,1062,1116,1018,1019,1064,1117
1064,1063,1019,1065,1118,1117,2283
1065,1118,1064,2283,2282,1066,1119
1066,2282,2223,47,2281,1065,1119
1067,1020,46,98,153,1121,1120,1068
1068,1021,1069,1122,1121,1020,1067
1069,1021,1068,1070,1022,1123,1122
1070,1071,1124,1022,1023,1123,1069
1071,1070,1124,1072,1125,1024,1023
1072,1125,1071,1024,1025,1126,1073
1073,1026,1025,1072,1126,1127,1074
1074,1073,1026,1128,1127,1075,1027
1075,1076,1028,1027,1128,1074,1129
1076,1075,1028,1129,1130,1029,1077
1077,1029,1030,1131,1130,1076,1078
1078,1133,1079,1030,1132,1077,1131
1079,1133,1078,1030,1031,1080,1134
1080,1081,1032,1079,1031,1134,1135
1081,1080,1032,1082,1136,1033,1135
1082,1137,1083,1136,1033,1034,1081
1083,1137,1082,1138,1084,1035,1034
1084,1035,1036,1083,1138,1139,1085
1085,1036,1037,1140,1086,1084,1139
1086,1038,1037,1140,1085,1141,1087
1087,1142,1141,1039,1088,1086,1038
1088,1039,1040,1087,1142,1143,1089
1089,1090,1144,1143,1041,1088,1040
1090,1144,1089,1042,1091,1041,1145
1091,1090,1042,1145,1146,1092,1043
1092,1043,1044,1093,1146,1091,1147
1093,1148,1094,1092,1044,1147,1045
1094,1148,1093,1149,1045,1046,1095
1095,1149,1150,1096,1047,1094,1046
1096,1150,1095,1151,1152,1047,1097
1097,1048,1047,1098,1153,1096,1152
1098,1154,1153,1099,1049,1048,1097
1099,1050,1100,1155,1154,1049,1098
1100,1099,1050,1101,1156,1051,1155
1101,1052,1102,1157,1156,1051,1100
1102,1052,1101,1053,1103,1158,1157
1103,1104,1054,1158,1159,1102,1053
1104,1103,1054,2711,1105,1160,1159
1105,2711,1104,2701,1106,1160,1161
1106,1107,1162,1105,2701,1161,2712
1107,1162,1106,1055,1108,2712,1163
1108,1109,1164,1056,1055,1107,1163
1109,1164,1108,1057,1056,1165,1110
1110,1165,1109,1058,1111,1166,1057
1111,1058,1059,1112,1167,1110,1166
1112,1060,1113,1168,1167,1059,1111
1113,1112,1060,1114,1061,1168,1169
1114,1169,1170,1113,1061,1115,1171
1115,1061,1062,1172,1171,1116,1114
1116,1062,1063,1173,1117,1172,1115
1117,1174,1118,1173,1063,1064,1116
1118,1065,1064,1174,1117,1119,1175
1119,47,1176,1066,1065,1118,1175
1120,1121,1177,211,153,1067
1121,1120,1177,1067,1122,1178,1068
1122,1179,1178,1123,1069,1121,1068
1123,1124,1070,1122,1069,1180,1179
1124,1070,1071,1123,1180,1181,1125
1125,1182,1181,1072,1071,1124,1126
1126,1127,1183,1072,1125,1182,1073
1127,1126,1183,1128,1184,1073,1074
1128,1127,1184,1074,1075,1185,1129
1129,1186,1185,1130,1076,1128,1075
1130,1131,1077,1187,1186,1129,1076
1131,1130,1077,1188,1187,1132,1078
1132,1190,1189,1133,1078,1188,1131
1133,1078,1079,1132,1134,1191,1190
1134,1192,1191,1080,1079,1133,1135
1135,1081,1080,1192,1134,1136,1193
1136,1082,1137,1081,1194,1193,1135
1137,1082,1083,1138,1194,1195,1136
1138,1083,1137,1084,1195,1196,1139
1139,1197,1196,1140,1084,1138,1085
1140,1197,1139,1085,1086,1141,1198
1141,1199,1198,1142,1087,1140,1086
1142,1141,1087,1200,1199,1143,1088
1143,1201,1200,1089,1144,1142,1088
1144,1090,1089,1202,1201,1143,1145
1145,1146,1203,1202,1144,1090,1091
1146,1204,1147,1203,1145,1091,1092
1147,1204,1146,1205,1148,1092,1093
1148,1205,1206,1093,1094,1147,1149
1149,1095,1150,1207,1206,1148,1094
1150,1208,1207,1149,1095,1096,1151
1151,1208,1150,1096,1210,1209,1152
1152,1151,1096,1153,1211,1210,1097
1153,1154,1212,1211,1152,1098,1097
1154,1212,1153,1155,1099,1213,1098
1155,1154,1099,1156,1214,1100,1213
1156,1157,1101,1215,1214,1100,1155
1157,1156,1101,1158,1102,1215,1216
1158,1103,1159,1217,1216,1157,1102
1159,1158,1103,1160,1104,1218,1217
1160,1219,1161,1159,1104,1218,1105
1161,1219,1160,1220,1106,1105,1162
1162,1107,1106,1163,1221,1220,1161
1163,1221,1162,1108,1164,1107,1222
1164,1165,1223,1109,1108,1163,1222
1165,1164,1223,1224,1166,1109,1110
1166,1225,1224,1165,1167,1111,1110
1167,1168,1112,1225,1226,1166,1111
1168,1167,1112,1169,1227,1113,1226
1169,1114,1170,1227,1168,1228,1113
1170,1169,1114,1230,1229,1228,1171
1171,1231,1230,1115,1172,1114,1170
1172,1231,1232,1115,1171,1173,1116
1173,1233,1232,1117,1174,1116,1172
1174,1234,1233,1117,1118,1173,1175
1175,1234,1174,1235,1176,1119,1118
1176,99,154,212,47,1119,1235,1175
1177,1178,1237,1120,1121,1236,211
1178,1237,1177,1179,1122,1238,1121
1179,1178,1122,1239,1238,1180,1123
1180,1181,1240,1124,1239,1179,1123
1181,1241,1240,1182,1180,1125,1124
1182,1241,1181,1183,1242,1125,1126
1183,1184,1243,1242,1182,1126,1127
1184,1183,1243,1185,1244,1127,1128
1185,1186,1129,1184,1244,1245,1128
1186,1185,1129,1187,1246,1130,1245
1187,1246,1186,1247,1188,1131,1130
1188,1187,1131,1248,1189,1247,1132
1189,1190,1132,1250,1248,1188,1249
1190,1189,1132,1250,1191,1133,1251
1191,1134,1192,1133,1190,1252,1251
1192,1134,1191,1252,1135,1193,1253
1193,1194,1136,1253,1192,1254,1135
1194,1137,1195,1193,1136,1254,1255
1195,1256,1255,1194,1137,1196,1138
1196,1197,1257,1256,1195,1139,1138
1197,1258,1257,1196,1139,1140,1198
1198,1199,1141,1140,1197,1259,1258
1199,1198,1141,1260,1259,1200,1142
1200,1143,1201,1199,1142,1261,1260
1201,1144,1202,1143,1200,1262,1261
1202,1144,1201,1145,1203,1262,1263
1203,1146,1145,1202,1263,1204,1264
1204,1146,1147,1203,1205,1265,1264
1205,1148,1206,1147,1266,1265,1204
1206,1205,1148,1267,1266,1149,1207
1207,1150,1208,1149,1206,1268,1267
1208,1150,1207,1209,1269,1268,1151
1209,1208,1269,1271,1210,1151,1270
1210,1211,1272,1271,1209,1151,1152
1211,1210,1272,1273,1212,1153,1152
1212,1154,1153,1213,1274,1211,1273
1213,1212,1274,1275,1214,1154,1155
1214,1276,1275,1215,1156,1155,1213
1215,1216,1277,1214,1156,1276,1157
1216,1277,1215,1217,1158,1278,1157
1217,1216,1158,1218,1279,1278,1159
1218,1219,1280,1217,1279,1160,1159
1219,1160,1161,1218,1280,1281,1220
1220,1282,1281,1221,1219,1161,1162
1221,1163,1162,1282,1220,1222,1283
1222,1284,1283,1163,1221,1164,1223
1223,1164,1165,1222,1224,1285,1284
1224,1286,1285,1166,1225,1223,1165
1225,1166,1224,1286,1226,1287,1167
1226,1288,1287,1225,1167,1168,1227
1227,1289,1228,1169,1168,1288,1226
1228,1289,1227,1229,1170,1290,1169
1229,1230,1170,1228,1290,1291,1292
1230,1293,1292,1229,1170,1171,1231
1231,1172,1232,1171,1230,1293,1294
1232,1173,1233,1231,1172,1294,1295
1233,1234,1174,1173,1232,1296,1295
1234,1233,1174,1297,1296,1175,1235
1235,1297,212,1175,1176,1234
1236,336,272,1237,1299,211,1177,1298
1237,1178,1177,1238,1300,1236,1299
1238,1178,1237,1300,1239,1179,1301
1239,1302,1240,1238,1179,1180,1301
1240,1302,1239,1181,1241,1180,1303
1241,1181,1240,1242,1304,1303,1182
1242,1304,1241,1183,1182,1243,1305
1243,1183,1184,1305,1242,1244,1306
1244,1245,1307,1184,1185,1306,1243
1245,1244,1307,1246,1308,1186,1185
1246,1187,1186,1247,1309,1308,1245
1247,1246,1187,1188,1309,1310,1248
1248,1188,1189,1247,1310,1249,1311
1249,1313,1312,1250,1189,1248,1311
1250,1190,1189,1251,1314,1313,1249
1251,1191,1190,1252,1315,1250,1314
1252,1192,1191,1251,1253,1315,1316
1253,1317,1316,1193,1192,1252,1254
1254,1255,1318,1317,1253,1193,1194
1255,1256,1195,1254,1318,1319,1194
1256,1255,1195,1196,1319,1320,1257
1257,1321,1258,1197,1196,1320,1256
1258,1321,1257,1197,1322,1259,1198
1259,1260,1199,1322,1323,1258,1198
1260,1324,1323,1259,1199,1261,1200
1261,1262,1201,1325,1260,1200,1324
1262,1261,1201,1325,1202,1263,1326
1263,1203,1202,1264,1327,1262,1326
1264,1265,1328,1263,1203,1327,1204
1265,1264,1328,1266,1205,1329,1204
1266,1267,1206,1329,1330,1265,1205
1267,1266,1206,1268,1207,1330,1331
1268,1267,1207,1331,1332,1269,1208
1269,1208,1209,1268,1332,1333,1270
1270,1209,1269,1334,1335,1333,1271
1271,1336,1272,1209,1210,1270,1335
1272,1337,1273,1210,1211,1336,1271
1273,1337,1272,1211,1338,1212,1274
1274,1339,1338,1275,1212,1213,1273
1275,1214,1276,1340,1274,1339,1213
1276,1214,1275,1340,1277,1341,1215
1277,1216,1215,1276,1341,1342,1278
1278,1343,1342,1279,1277,1217,1216
1279,1344,1343,1278,1217,1218,1280
1280,1218,1219,1345,1281,1344,1279
1281,1282,1220,1345,1280,1346,1219
1282,1281,1220,1283,1347,1221,1346
1283,1284,1222,1347,1282,1221,1348
1284,1283,1222,1348,1349,1285,1223
1285,1224,1286,1350,1284,1223,1349
1286,1224,1285,1351,1350,1287,1225
1287,1286,1351,1288,1226,1352,1225
1288,1289,1353,1287,1226,1352,1227
1289,1353,1288,1227,1228,1354,1290
1290,1228,1229,1291,1355,1289,1354
1291,1290,1355,1229,1292,1357,1356
1292,1230,1293,1358,1291,1357,1229
1293,1230,1292,1231,1358,1294,1359
1294,1232,1295,1293,1231,1359,1360
1295,1296,1361,1294,1232,1233,1360
1296,1234,1297,1362,1233,1295,1361
1297,1234,1296,1362,1363,1235,212
1298,1364,1299,403,336,1236
1299,1364,1298,1236,1237,1300,1365
1300,1237,1238,1366,1365,1299,1301
1301,1300,1238,1366,1239,1367,1302
1302,1239,1240,1368,1367,1303,1301
1303,1304,1241,1368,1302,1240,1369
1304,1242,1241,1303,1369,1305,1370
1305,1370,1304,1243,1242,1306,1371
1306,1307,1372,1371,1305,1244,1243
1307,1372,1306,1244,1245,1373,1308
1308,1374,1373,1307,1309,1246,1245
1309,1374,1308,1375,1246,1310,1247
1310,1311,1376,1375,1309,1247,1248
1311,1377,1312,1310,1376,1249,1248
1312,1377,1311,1379,1313,1249,1378
1313,1379,1312,1314,1250,1380,1249
1314,1381,1380,1315,1313,1250,1251
1315,1381,1314,1382,1316,1252,1251
1316,1317,1253,1382,1315,1383,1252
1317,1316,1253,1384,1383,1318,1254
1318,1254,1255,1319,1385,1384,1317
1319,1318,1255,1320,1386,1256,1385
1320,1387,1386,1319,1257,1321,1256
1321,1257,1258,1320,1322,1388,1387
1322,1389,1388,1259,1323,1258,1321
1323,1324,1260,1322,1259,1389,1390
1324,1323,1260,1391,1325,1261,1390
1325,1391,1324,1326,1392,1261,1262
1326,1392,1325,1327,1393,1263,1262
1327,1326,1393,1394,1328,1263,1264
1328,1264,1265,1329,1394,1327,1395
1329,1330,1396,1266,1265,1328,1395
1330,1396,1329,1266,1397,1331,1267
1331,1397,1330,1398,1267,1268,1332
1332,1399,1333,1398,1268,1331,1269
1333,1399,1332,1400,1334,1269,1270
1334,1400,1333,1270,1335,1402,1401
1335,1334,1270,1403,1336,1271,1402
1336,1271,1272,1403,1335,1404,1337
1337,1272,1273,1338,1405,1336,1404
1338,1405,1337,1406,1274,1339,1273
1339,1340,1407,1274,1338,1406,1275
1340,1407,1339,1408,1276,1275,1341
1341,1276,1277,1342,1340,1408,1409
1342,1410,1409,1341,1277,1343,1278
1343,1344,1279,1411,1410,1342,1278
1344,1343,1279,1411,1280,1345,1412
1345,1413,1412,1280,1281,1344,1346
1346,1413,1414,1345,1281,1282,1347
1347,1283,1282,1348,1415,1414,1346
1348,1284,1349,1416,1415,1347,1283
1349,1348,1284,1285,1350,1417,1416
1350,1351,1286,1418,1285,1349,1417
1351,1419,1352,1350,1286,1418,1287
1352,1419,1351,1420,1353,1287,1288
1353,1289,1288,1420,1352,1421,1354
1354,1422,1421,1353,1289,1290,1355
1355,1422,1423,1290,1291,1356,1354
1356,1357,1425,1424,1423,1291,1355
1357,1291,1292,1358,1426,1356,1425
1358,1427,1426,1292,1293,1357,1359
1359,1358,1427,1428,1293,1360,1294
1360,1429,1361,1359,1428,1294,1295
1361,1429,1360,1295,1296,1362,1430
1362,1297,1296,1363,1361,1430,1431
1363,212,273,337,404,1297,1362,1431
1364,1298,1299,403,1433,1365,1432
1365,1433,1434,1366,1300,1364,1299
1366,1435,1434,1367,1365,1300,1301
1367,1302,1368,1435,1366,1436,1301
1368,1302,1367,1303,1437,1436,1369
1369,1438,1437,1304,1303,1368,1370
1370,1439,1438,1371,1305,1304,1369
1371,1370,1439,1306,1372,1305,1440
1372,1307,1306,1373,1441,1371,1440
1373,1441,1372,1307,1308,1374,1442
1374,1375,1443,1442,1308,1373,1309
1375,1443,1374,1444,1310,1376,1309
1376,1310,1311,1375,1444,1445,1377
1377,1311,1312,1446,1378,1445,1376
1378,1446,1377,1448,1447,1379,1312
1379,1449,1380,1448,1312,1313,1378
1380,1314,1381,1450,1449,1379,1313
1381,1314,1380,1315,1451,1382,1450
1382,1451,1381,1452,1315,1316,1383
1383,1453,1452,1384,1316,1382,1317
1384,1454,1453,1383,1317,1385,1318
1385,1455,1454,1384,1318,1386,1319
1386,1320,1387,1456,1455,1319,1385
1387,1388,1457,1320,1386,1456,1321
1388,1389,1322,1457,1387,1458,1321
1389,1388,1322,1390,1459,1458,1323
1390,1459,1389,1460,1323,1391,1324
1391,1324,1325,1461,1460,1390,1392
1392,1326,1325,1462,1461,1393,1391
1393,1326,1327,1394,1463,1462,1392
1394,1393,1327,1328,1464,1395,1463
1395,1329,1396,1465,1328,1464,1394
1396,1330,1329,1397,1395,1465,1466
1397,1466,1467,1330,1331,1398,1396
1398,1468,1399,1467,1397,1331,1332
1399,1468,1398,1332,1333,1400,1469
1400,1399,1333,1401,1470,1334,1469
1401,1471,1470,1400,1472,1402,1334
1402,1335,1403,1473,1472,1401,1334
1403,1474,1473,1335,1336,1404,1402
1404,1403,1336,1474,1475,1337,1405
1405,1338,1337,1406,1475,1404,1476
1406,1338,1405,1339,1407,1477,1476
1407,1340,1339,1408,1477,1406,1478
1408,1340,1407,1478,1479,1341,1409
1409,1480,1479,1410,1342,1341,1408
1410,1409,1342,1343,1411,1480,1481
1411,1343,1410,1482,1481,1412,1344
1412,1413,1483,1482,1345,1411,1344
1413,1346,1414,1412,1483,1345,1484
1414,1413,1346,1415,1347,1485,1484
1415,1416,1348,1347,1414,1486,1485
1416,1417,1487,1415,1348,1486,1349
1417,1416,1487,1418,1488,1350,1349
1418,1350,1351,1488,1417,1489,1419
1419,1351,1352,1420,1489,1418,1490
1420,1352,1353,1419,1421,1491,1490
1421,1420,1353,1422,1354,1491,1492
1422,1421,1354,1355,1423,1493,1492
1423,1422,1355,1493,1356,1424,1494
1424,1496,1495,1425,1356,1423,1494
1425,1424,1496,1426,1497,1356,1357
1426,1498,1427,1358,1425,1497,1357
1427,1498,1426,1499,1428,1358,1359
1428,1429,1500,1499,1427,1359,1360
1429,1360,1361,1428,1500,1430,1501
1430,1429,1361,1362,1431,1502,1501
1431,1363,404,1430,1502,1362,1503
1432,473,403,546,1504,1433,1364,1505
1433,1365,1434,1364,1432,1506,1505
1434,1433,1365,1435,1366,1507,1506
1435,1434,1366,1367,1436,1507,1508
1436,1367,1435,1368,1437,1509,1508
1437,1368,1436,1509,1369,1438,1510
1438,1370,1439,1369,1437,1511,1510
1439,1370,1438,1371,1511,1512,1440
1440,1513,1512,1371,1372,1441,1439
1441,1373,1372,1440,1513,1514,1442
1442,1514,1515,1443,1374,1441,1373
1443,1375,1374,1444,1442,1515,1516
1444,1443,1375,1376,1445,1516,1517
1445,1444,1376,1377,1446,1518,1517
1446,1377,1378,1447,1445,1518,1519
1447,1448,1378,1446,1520,1519,1521
1448,1522,1521,1447,1378,1379,1449
1449,1379,1380,1523,1450,1448,1522
1450,1524,1523,1380,1381,1451,1449
1451,1381,1382,1452,1524,1450,1525
1452,1453,1383,1451,1382,1525,1526
1453,1454,1384,1452,1383,1526,1527
1454,1453,1384,1385,1455,1527,1528
1455,1529,1456,1385,1454,1528,1386
1456,1530,1529,1455,1387,1457,1386
1457,1531,1530,1388,1387,1456,1458
1458,1531,1532,1389,1388,1459,1457
1459,1390,1389,1460,1533,1532,1458
1460,1459,1533,1390,1461,1391,1534
1461,1392,1462,1535,1460,1391,1534
1462,1392,1461,1463,1393,1535,1536
1463,1537,1464,1462,1393,1536,1394
1464,1537,1463,1394,1395,1465,1538
1465,1395,1396,1538,1464,1539,1466
1466,1397,1467,1539,1540,1396,1465
1467,1466,1397,1540,1541,1398,1468
1468,1398,1399,1469,1542,1541,1467
1469,1468,1542,1543,1470,1400,1399
1470,1401,1471,1400,1543,1469
1471,1401,1470,1543,1472,1544
1472,1473,1402,1545,1401,1544,1471
1473,1474,1403,1546,1472,1402,1545
1474,1546,1547,1473,1403,1404,1475
1475,1474,1404,1405,1547,1548,1476
1476,1477,1549,1548,1406,1405,1475
1477,1550,1549,1476,1478,1407,1406
1478,1550,1551,1479,1477,1407,1408
1479,1480,1409,1551,1552,1478,1408
1480,1553,1552,1479,1409,1410,1481
1481,1554,1553,1482,1411,1480,1410
1482,1483,1412,1481,1411,1555,1554
1483,1412,1413,1482,1484,1556,1555
1484,1414,1485,1483,1556,1413,1557
1485,1486,1558,1557,1415,1414,1484
1486,1559,1487,1558,1485,1416,1415
1487,1559,1486,1416,1417,1560,1488
1488,1418,1417,1489,1561,1560,1487
1489,1418,1419,1488,1490,1562,1561
1490,1489,1419,1563,1562,1420,1491
1491,1420,1421,1564,1492,1563,1490
1492,1493,1422,1565,1564,1491,1421
1493,1566,1494,1422,1423,1492,1565
1494,1495,1567,1566,1493,1424,1423
1495,1494,1567,1568,1424,1496,1569
1496,1424,1495,1425,1497,1570,1569
1497,1425,1426,1498,1571,1570,1496
1498,1426,1427,1499,1572,1497,1571
1499,1498,1427,1428,1572,1500,1573
1500,1428,1429,1501,1574,1499,1573
1501,1575,1574,1502,1429,1430,1500
1502,1576,1575,1503,1430,1431,1501
1503,1502,1576,404,474,1431
1504,546,1432,1577,620,1505
1505,1578,1506,1433,1504,1432,1577
1506,1579,1578,1505,1433,1434,1507
1507,1435,1434,1508,1506,1579,1580
1508,1507,1435,1581,1580,1509,1436
1509,1582,1581,1436,1437,1508,1510
1510,1511,1583,1582,1509,1437,1438
1511,1583,1510,1438,1439,1584,1512
1512,1513,1585,1440,1584,1511,1439
1513,1514,1586,1585,1512,1440,1441
1514,1513,1586,1587,1515,1442,1441
1515,1516,1588,1587,1514,1442,1443
1516,1588,1515,1517,1589,1443,1444
1517,1589,1516,1445,1518,1590,1444
1518,1591,1519,1590,1445,1517,1446
1519,1592,1591,1518,1447,1520,1446
1520,1593,1592,1447,1519,1594,1521
1521,1522,1448,1595,1594,1447,1520
1522,1521,1448,1595,1596,1523,1449
1523,1524,1450,1597,1596,1522,1449
1524,1523,1450,1451,1525,1598,1597
1525,1452,1526,1598,1599,1451,1524
1526,1527,1600,1525,1452,1599,1453
1527,1600,1526,1601,1453,1528,1454
1528,1527,1601,1529,1602,1455,1454
1529,1603,1602,1456,1530,1455,1528
1530,1457,1531,1456,1529,1604,1603
1531,1457,1530,1605,1604,1458,1532
1532,1531,1458,1605,1606,1459,1533
1533,1534,1607,1459,1460,1606,1532
1534,1608,1607,1533,1460,1461,1535
1535,1461,1462,1534,1608,1536,1609
1536,1610,1609,1537,1463,1462,1535
1537,1463,1464,1536,1610,1611,1538
1538,1465,1464,1537,1611,1612,1539
1539,1613,1612,1466,1540,1465,1538
1540,1539,1466,1467,1541,1613,1614
1541,1540,1467,1542,1468,1614
1542,1468,1469,1541,1543,1614
1543,1614,1744,1544,1542,1469,1470,1471
1544,1543,1744,1684,1545,1472,1471,1615
1545,1472,1473,1544,1615,1546
1546,1474,1547,1473,1616,1545,1615
1547,1546,1474,1616,1617,1548,1475
1548,1618,1617,1547,1549,1476,1475
1549,1477,1550,1476,1548,1618,1619
1550,1619,1620,1478,1551,1477,1549
1551,1550,1478,1620,1621,1479,1552
1552,1553,1480,1551,1479,1621,1622
1553,1552,1480,1554,1481,1623,1622
1554,1553,1481,1623,1555,1482,1624
1555,1556,1625,1554,1482,1483,1624
1556,1625,1555,1626,1557,1483,1484
1557,1485,1558,1626,1556,1484,1627
1558,1486,1485,1557,1559,1627,1628
1559,1486,1487,1560,1628,1629,1558
1560,1630,1629,1561,1488,1559,1487
1561,1562,1631,1560,1488,1489,1630
1562,1632,1631,1561,1563,1490,1489
1563,1562,1490,1491,1564,1633,1632
1564,1565,1492,1491,1563,1634,1633
1565,1634,1635,1564,1492,1493,1566
1566,1635,1636,1493,1494,1565,1567
1567,1494,1495,1568,1637,1636,1566
1568,1638,1637,1495,1567,1639,1569
1569,1639,1568,1640,1495,1496,1570
1570,1641,1640,1497,1571,1496,1569
1571,1642,1572,1497,1570,1498,1641
1572,1498,1499,1643,1642,1573,1571
1573,1644,1643,1500,1499,1574,1572
1574,1575,1501,1645,1500,1644,1573
1575,1502,1576,1574,1501,1645,1646
1576,474,547,1502,1575,1503,621,1646
1577,1504,620,1505,1578,1647,1648
1578,1579,1506,1505,1577,1648,1649
1579,1578,1506,1650,1649,1507,1580
1580,1651,1650,1581,1508,1507,1579
1581,1509,1582,1580,1508,1651,1652
1582,1653,1652,1583,1509,1581,1510
1583,1653,1582,1511,1510,1654,1584
1584,1511,1512,1585,1654,1583,1655
1585,1513,1586,1656,1512,1584,1655
1586,1513,1514,1657,1587,1585,1656
1587,1657,1586,1658,1588,1514,1515
1588,1516,1515,1658,1587,1659,1589
1589,1659,1588,1517,1516,1590,1660
1590,1591,1518,1517,1589,1660,1661
1591,1519,1592,1518,1590,1662,1661
1592,1519,1591,1520,1593,1663,1662
1593,1520,1592,1594,1665,1663,1664
1594,1665,1593,1521,1595,1520,1666
1595,1522,1596,1521,1594,1667,1666
1596,1595,1522,1597,1523,1668,1667
1597,1596,1523,1598,1524,1668,1669
1598,1525,1599,1524,1597,1669,1670
1599,1671,1600,1670,1598,1525,1526
1600,1671,1599,1527,1526,1601,1672
1601,1672,1673,1602,1600,1527,1528
1602,1673,1601,1529,1603,1674,1528
1603,1529,1602,1675,1674,1604,1530
1604,1531,1605,1530,1676,1675,1603
1605,1531,1604,1532,1606,1677,1676
1606,1678,1677,1607,1605,1532,1533
1607,1608,1679,1606,1678,1534,1533
1608,1607,1679,1680,1534,1535,1609
1609,1610,1681,1536,1680,1608,1535
1610,1609,1681,1536,1537,1611,1682
1611,1612,1683,1610,1537,1682,1538
1612,1611,1683,1539,1613,1538
1613,1539,1612,1614,1683,1540
1614,1683,1744,1543,1613,1540,1541,1542
1615,1544,1545,1546,1616,1684
1616,1617,1685,1684,1546,1547,1615
1617,1685,1616,1547,1618,1548,1686
1618,1687,1686,1617,1548,1549,1619
1619,1550,1620,1687,1618,1688,1549
1620,1689,1688,1619,1550,1621,1551
1621,1689,1620,1551,1622,1690,1552
1622,1691,1690,1623,1621,1552,1553
1623,1622,1691,1553,1554,1624,1692
1624,1623,1692,1625,1555,1554,1693
1625,1556,1555,1626,1694,1693,1624
1626,1625,1556,1557,1694,1627,1695
1627,1695,1696,1558,1557,1626,1628
1628,1697,1629,1559,1558,1627,1696
1629,1560,1630,1697,1628,1698,1559
1630,1560,1629,1698,1699,1631,1561
1631,1632,1562,1561,1700,1699,1630
1632,1631,1562,1633,1701,1700,1563
1633,1632,1701,1634,1702,1564,1563
1634,1703,1702,1635,1565,1633,1564
1635,1566,1636,1703,1634,1565,1704
1636,1635,1566,1637,1567,1704,1705
1637,1568,1638,1636,1567,1705,1706
1638,1568,1637,1639,1707,1706
1639,1638,1568,1569,1640,1707
1640,1570,1641,1707,1569,1639
1641,1642,1707,1570,1640,1571
1642,1641,1707,1708,1643,1572,1571
1643,1573,1644,1708,1642,1572,1709
1644,1573,1643,1645,1710,1574,1709
1645,1711,1646,1710,1644,1574,1575
1646,621,1712,1711,1645,1576,1575
1647,691,620,752,1713,1577,1648
1648,1713,1649,1647,1577,1578
1649,1713,1650,1579,1648,1578
1650,1713,1651,1649,1579,1580
1651,1713,1650,1580,1581,1652
1652,1653,1582,1651,1581,1713,1714
1653,1652,1582,1583,1715,1714,1654
1654,1715,1653,1583,1584,1716,1655
1655,1716,1717,1656,1654,1584,1585
1656,1717,1718,1585,1586,1655,1657
1657,1586,1587,1719,1718,1656,1658
1658,1719,1720,1587,1588,1657,1659
1659,1588,1589,1660,1721,1720,1658
1660,1721,1659,1722,1661,1590,1589
1661,1662,1723,1722,1660,1590,1591
1662,1723,1661,1663,1592,1724,1591
1663,1664,1725,1662,1592,1724,1593
1664,1725,1663,1726,1665,1593,1727
1665,1594,1593,1664,1666,1728,1727
1666,1667,1729,1728,1665,1594,1595
1667,1729,1666,1596,1595,1730,1668
1668,1597,1596,1667,1669,1731,1730
1669,1670,1732,1731,1668,1597,1598
1670,1599,1671,1732,1669,1733,1598
1671,1599,1600,1670,1733,1734,1672
1672,1735,1673,1601,1734,1600,1671
1673,1736,1674,1735,1672,1601,1602
1674,1736,1673,1737,1602,1603,1675
1675,1738,1676,1603,1674,1737,1604
1676,1738,1675,1739,1677,1605,1604
1677,1740,1678,1739,1676,1606,1605
1678,1740,1677,1679,1741,1606,1607
1679,1680,1742,1678,1741,1607,1608
1680,1679,1742,1681,1743,1608,1609
1681,1609,1610,1743,1680,1682,1744
1682,1681,1610,1744,1683,1611
1683,1614,1744,1611,1612,1613,1682
1684,1792,1744,1616,1685,1544,1615,1745
1685,1617,1616,1684,1686,1745
1686,1687,1618,1685,1745,1617,1746
1687,1686,1618,1619,1688,1747,1746
1688,1689,1620,1687,1619,1748,1747
1689,1688,1620,1690,1749,1621,1748
1690,1691,1622,1689,1749,1750,1621
1691,1690,1622,1623,1751,1750,1692
1692,1623,1624,1752,1693,1691,1751
1693,1752,1753,1694,1625,1624,1692
1694,1754,1695,1693,1625,1753,1626
1695,1754,1694,1627,1696,1626,1755
1696,1695,1627,1756,1755,1697,1628
1697,1628,1629,1756,1696,1698,1757
1698,1630,1699,1758,1629,1697,1757
1699,1698,1630,1759,1758,1631,1700
1700,1759,1760,1632,1631,1699,1701
1701,1632,1633,1761,1760,1700,1702
1702,1762,1703,1634,1761,1633,1701
1703,1762,1702,1634,1635,1763,1704
1704,1636,1635,1763,1703,1705,1764
1705,1637,1706,1764,1636,1704
1706,1899,1707,1875,1705,1637,1764,1638,1810,1846
1707,1641,1642,1708,1640,1899,1706,1765,1639,1638
1708,1642,1707,1643,1709,1765
1709,1765,1710,1644,1643,1708
1710,1645,1644,1711,1765,1709
1711,1645,1646,1712,1765,1710
1712,1646,621,1765,1711,692
1713,1650,1651,1649,802,752,1647,1648,1766,1714,1652
1714,1715,1766,1713,1652,1653
1715,1714,1766,1653,1654,1716
1716,1655,1717,1766,1715,1654
1717,1718,1766,1716,1655,1656
1718,1717,1766,1767,1656,1719,1657
1719,1658,1720,1718,1657,1768,1767
1720,1719,1658,1721,1659,1768,1769
1721,1660,1659,1720,1722,1770,1769
1722,1660,1661,1721,1771,1770,1723
1723,1662,1661,1772,1724,1771,1722
1724,1725,1773,1772,1723,1663,1662
1725,1773,1724,1664,1663,1726,1774
1726,1774,1725,1664,1775,1727,1776
1727,1728,1777,1776,1726,1664,1665
1728,1777,1727,1729,1666,1778,1665
1729,1667,1666,1728,1779,1730,1778
1730,1779,1729,1667,1780,1731,1668
1731,1732,1669,1781,1780,1730,1668
1732,1670,1669,1782,1781,1731,1733
1733,1671,1670,1734,1783,1782,1732
1734,1735,1672,1733,1783,1671,1784
1735,1672,1673,1734,1785,1784,1736
1736,1673,1674,1737,1786,1735,1785
1737,1786,1736,1674,1738,1787,1675
1738,1675,1676,1787,1737,1788,1739
1739,1676,1677,1738,1788,1740,1789
1740,1677,1678,1790,1789,1739,1741
1741,1790,1791,1742,1678,1679,1740
1742,1679,1680,1791,1741,1743
1743,1681,1680,1742,1744,1791
1744,1683,1614,1543,1684,1792,1544,1860,1743,1681,1682,1791,1829,1907,1934
1745,1685,1686,1746,1684,1792
1746,1745,1686,1793,1792,1687,1747
1747,1794,1793,1688,1748,1687,1746
1748,1688,1747,1794,1689,1749,1795
1749,1796,1795,1689,1690,1748,1750
1750,1751,1797,1690,1749,1691,1796
1751,1750,1797,1752,1798,1691,1692
1752,1753,1799,1693,1751,1798,1692
1753,1752,1799,1693,1694,1754,1800
1754,1694,1695,1753,1800,1801,1755
1755,1756,1802,1696,1754,1801,1695
1756,1755,1802,1696,1697,1803,1757
1757,1758,1804,1803,1698,1697,1756
1758,1759,1805,1757,1804,1699,1698
1759,1805,1758,1806,1700,1760,1699
1760,1701,1761,1759,1700,1806,1807
1761,1807,1808,1701,1760,1702,1762
1762,1702,1703,1761,1809,1808,1763
1763,1764,1810,1703,1704,1762,1809
1764,1810,1763,1705,1706,1704
1765,695,845,1712,1711,694,693,692,1710,1709,1708,1707,1899
1766,1717,1718,1811,1847,1714,1715,1767,802,962,1713,1716
1767,1811,1768,1766,1718,1719
1768,1811,1767,1769,1719,1720
1769,1811,1768,1720,1770,1721
1770,1769,1721,1811,1722,1771
1771,1722,1770,1772,1811,1723
1772,1723,1724,1811,1771,1812,1773
1773,1725,1724,1774,1813,1772,1812
1774,1773,1813,1775,1814,1726,1725
1775,1814,1774,1726,1776,1816,1815
1776,1817,1777,1727,1726,1775,1816
1777,1728,1727,1817,1776,1818,1778
1778,1779,1819,1777,1728,1729,1818
1779,1780,1820,1729,1730,1819,1778
1780,1820,1779,1781,1821,1730,1731
1781,1782,1822,1821,1780,1732,1731
1782,1822,1781,1732,1783,1733,1823
1783,1824,1784,1733,1734,1782,1823
1784,1824,1783,1825,1735,1785,1734
1785,1735,1784,1825,1736,1826,1786
1786,1737,1736,1787,1826,1785,1827
1787,1738,1737,1828,1788,1786,1827
1788,1828,1787,1738,1739,1789,1829
1789,1740,1790,1739,1829,1788
1790,1741,1791,1740,1789,1829
1791,1790,1741,1742,1829,1743,1744
1792,1684,1744,1860,1793,1746,1745,1830
1793,1747,1794,1792,1746,1830
1794,1747,1793,1748,1830,1831,1795
1795,1749,1796,1748,1832,1831,1794
1796,1749,1795,1797,1833,1750,1832
1797,1750,1751,1796,1833,1798,1834
1798,1751,1752,1799,1835,1834,1797
1799,1752,1753,1800,1836,1835,1798
1800,1799,1836,1837,1754,1801,1753
1801,1800,1754,1837,1755,1802,1838
1802,1755,1756,1803,1839,1838,1801
1803,1804,1840,1757,1802,1756,1839
1804,1805,1841,1840,1757,1758,1803
1805,1804,1841,1842,1759,1758,1806
1806,1843,1807,1805,1842,1759,1760
1807,1844,1808,1843,1806,1761,1760
1808,1844,1807,1761,1809,1762,1845
1809,1810,1846,1845,1808,1762,1763
1810,1764,1763,1809,1846,1706
1811,1847,1766,1767,1768,1769,1770,1772,1771,1812
1812,1813,1847,1811,1772,1773
1813,1773,1774,1847,1812,1814
1814,1775,1774,1813,1847,1815
1815,1848,1816,1814,1847,1775
1816,1848,1815,1775,1776,1817,1849
1817,1776,1777,1850,1849,1818,1816
1818,1817,1777,1850,1819,1851,1778
1819,1779,1778,1818,1851,1820,1852
1820,1780,1779,1852,1853,1819,1821
1821,1854,1853,1781,1780,1822,1820
1822,1823,1855,1782,1781,1854,1821
1823,1855,1822,1824,1856,1782,1783
1824,1856,1823,1783,1784,1825,1857
1825,1858,1857,1784,1824,1785,1826
1826,1858,1859,1825,1785,1786,1827
1827,1787,1828,1859,1826,1786
1828,1787,1788,1827,1859,1829
1829,1885,1906,1859,1789,1788,1828,1790,1791,1744
1830,1793,1792,1794,1831,1860
1831,1830,1794,1832,1861,1795,1860
1832,1795,1796,1831,1861,1833,1862
1833,1796,1797,1863,1834,1862,1832
1834,1863,1833,1798,1835,1797,1864
1835,1836,1865,1799,1798,1834,1864
1836,1799,1800,1837,1866,1865,1835
1837,1836,1800,1866,1801,1838,1867
1838,1839,1868,1802,1801,1837,1867
1839,1838,1868,1869,1840,1803,1802
1840,1841,1804,1869,1839,1870,1803
1841,1804,1805,1840,1842,1870,1871
1842,1841,1805,1843,1872,1871,1806
1843,1806,1807,1873,1872,1842,1844
1844,1807,1808,1874,1845,1873,1843
1845,1809,1846,1808,1874,1844,1875
1846,1809,1810,1845,1706,1875
1847,1811,1766,1813,1812,1876,1848,1814,1815,1900,1919
1848,1877,1849,1815,1816,1876,1847
1849,1877,1848,1850,1817,1878,1816
1850,1849,1817,1878,1818,1851,1879
1851,1818,1819,1850,1879,1852,1880
1852,1881,1880,1853,1851,1820,1819
1853,1854,1821,1882,1881,1852,1820
1854,1853,1821,1822,1855,1883,1882
1855,1823,1822,1854,1884,1883,1856
1856,1824,1823,1885,1884,1855,1857
1857,1825,1858,1856,1824,1885
1858,1826,1859,1825,1857,1885
1859,1858,1826,1827,1885,1829,1828
1860,1792,1744,1830,1831,1861,1886,1907
1861,1831,1832,1862,1886,1860
1862,1887,1863,1833,1832,1861,1886
1863,1833,1834,1887,1862,1864,1888
1864,1888,1889,1865,1835,1834,1863
1865,1864,1889,1836,1866,1835,1890
1866,1836,1837,1867,1891,1865,1890
1867,1892,1891,1868,1866,1837,1838
1868,1838,1839,1893,1892,1869,1867
1869,1868,1839,1840,1870,1894,1893
1870,1871,1895,1841,1840,1869,1894
1871,1895,1870,1841,1872,1842,1896
1872,1873,1843,1842,1897,1896,1871
1873,1872,1843,1844,1874,1898,1897
1874,1875,1899,1844,1845,1898,1873
1875,1706,1899,1874,1845,1846
1876,1847,1848,1877,1900
1877,1848,1849,1876,1878,1901,1900
1878,1850,1849,1877,1901,1902,1879
1879,1880,1903,1851,1850,1902,1878
1880,1881,1852,1903,1879,1904,1851
1881,1880,1852,1882,1905,1853,1904
1882,1881,1905,1906,1883,1853,1854
1883,1906,1882,1884,1855,1854
1884,1885,1856,1906,1883,1855
1885,1884,1856,1829,1906,1857,1858,1859
1886,1861,1862,1907,1887,1860
1887,1888,1908,1907,1862,1863,1886
1888,1864,1889,1887,1908,1909,1863
1889,1888,1864,1865,1890,1910,1909
1890,1911,1891,1889,1910,1866,1865
1891,1867,1892,1911,1890,1866,1912
1892,1867,1891,1893,1868,1912,1913
1893,1892,1868,1914,1894,1869,1913
1894,1914,1915,1893,1895,1869,1870
1895,1871,1870,1916,1896,1915,1894
1896,1917,1897,1916,1895,1872,1871
1897,1917,1896,1898,1918,1872,1873
1898,1918,1899,1874,1897,1873
1899,1932,1918,1706,1707,1875,1874,1765,1898,1942,1949
1900,1901,1877,1847,1876,1919
1901,1902,1920,1900,1877,1878,1919
1902,1920,1901,1921,1878,1879,1903
1903,1921,1922,1880,1879,1904,1902
1904,1880,1903,1881,1905,1922
1905,1881,1882,1906,1904,1922
1906,1922,1933,1882,1883,1905,1884,1885,1829
1907,1908,1887,1934,1744,1886,1923,1860
1908,1887,1888,1907,1909,1923
1909,1910,1924,1908,1888,1923,1889
1910,1909,1924,1889,1890,1925,1911
1911,1890,1891,1910,1912,1926,1925
1912,1927,1926,1911,1891,1892,1913
1913,1912,1892,1928,1914,1893,1927
1914,1894,1915,1893,1928,1913,1929
1915,1930,1929,1914,1894,1916,1895
1916,1930,1915,1895,1896,1917,1931
1917,1896,1897,1932,1918,1916,1931
1918,1932,1899,1898,1897,1917
1919,1933,1920,1901,1900,1847
1920,1902,1901,1933,1919,1921
1921,1920,1902,1903,1922,1933
1922,1906,1933,1921,1903,1904,1905
1923,1924,1909,1907,1908,1934
1924,1909,1910,1923,1925,1934,1935
1925,1924,1910,1935,1936,1926,1911
1926,1912,1927,1925,1936,1911,1937
1927,1912,1926,1937,1938,1928,1913
1928,1913,1914,1929,1939,1938,1927
1929,1930,1915,1940,1939,1914,1928
1930,1929,1915,1941,1931,1916,1940
1931,1941,1930,1916,1917,1932,1942
1932,1918,1899,1917,1942,1931
1933,1922,1906,1919,1920,1921
1934,1907,1744,1924,1935,1923,1943,1954
1935,1936,1943,1934,1924,1925
1936,1943,1935,1925,1926,1944,1937
1937,1936,1944,1927,1926,1938,1945
1938,1945,1946,1937,1927,1928,1939
1939,1940,1929,1928,1938,1947,1946
1940,1939,1929,1930,1941,1948,1947
1941,1930,1931,1949,1948,1942,1940
1942,1932,1899,1949,1941,1931
1943,1936,1935,1950,1954,1934,1944
1944,1945,1950,1936,1943,1937
1945,1944,1950,1938,1946,1951,1937
1946,1945,1938,1952,1947,1939,1951
1947,1952,1953,1948,1946,1940,1939
1948,1941,1949,1947,1953,1940
1949,1941,1948,1942,1899,1953,1957,1956
1950,1943,1954,1944,1945,1951
1951,1950,1945,1955,1952,1946,1954
1952,1955,1956,1947,1953,1946,1951
1953,1952,1947,1948,1956,1949
1954,1943,1950,1951,1955,1957,1934
1955,1952,1956,1951,1954,1957
1956,1955,1952,1953,1957,1949
1957,1956,1949,1955,1954
1958,2031,2028,2032,2039,2041,2044
1959,2333,2162,2024,2027,2030,2107
1960,2054,2037,2012,2017,2045,2055
1961,2058,1054,1053,2019,2050,2061
1962,2029,2004,2053,2013,2070,2066
1963,2048,2008,2005,2042,2075,2074
1964,2035,2073,1999,2076,2009,2059
1965,2065,2015,2025,1995,2068,2081
1966,2049,2082,2003,2001,2083,2046
1967,2173,2172,2086,1968,1993,2034
1968,2670,2578,1993,2123,2173,1967
1969,2056,2093,2091,2002,1994,2043
1970,2020,2079,1989,2095,2072,2016
1971,2026,2088,1986,2103,2071,2010
1972,1996,2038,1040,1039,1992,1006
1973,2101,2057,2102,1997,1991,2047
1974,2007,2077,2033,1984,2098,2105
1975,2092,2018,2113,1981,2014,2094
1976,2078,2125,2115,1982,2000,2040
1977,2100,2120,2011,2096,1979,2023
1978,2062,1987,1985,2122,2121,2060
1979,2109,2129,2011,1977,2097,2023
1980,2069,2127,1983,1990,2126,2052
1981,2146,2014,2112,2145,2018,1975
1982,2124,2128,2089,2000,1976,2040
1983,1990,1980,2140,2141,2080,2052
1984,2007,2104,2033,1974,2144,2132
1985,2155,2156,1978,1987,2084,2060
1986,2116,2148,2026,1971,2130,2010
1987,1978,2062,1985,2084,2150,2149
1988,2142,2036,2085,1998,2165,2166
1989,2021,2020,2022,1970,2016,2087
1990,2157,2069,2158,1983,1980,2080
1991,2152,2153,2047,2110,1973,1997
1992,1038,2170,2106,1996,1972,1039
1993,2159,2123,1968,1967,2143,2034
1994,2043,2154,2002,1969,2118,2160
1995,2134,2174,2147,2025,1965,2015
1996,1972,2038,2163,2164,1992,2106
1997,2175,2057,2178,2110,1973,1991
1998,2308,2309,2085,1988,2036,2090
1999,2179,2161,1964,2035,2009,2133
2000,2181,2180,2078,2089,1982,1976
2001,2131,2171,2003,2167,1966,2046
2002,2182,2056,1969,2195,1994,2118
2003,2131,2001,2049,1966,2197,2176
2004,2029,1962,2136,2135,2013,2137
2005,2008,1963,2169,2177,2138,2042
2006,2135,2203,2067,2099,2117,2151
2007,2190,2104,1984,1974,2077,2189
2008,2048,1963,2185,2202,2005,2138
2009,2187,2186,1999,1964,2133,2059
2010,2211,2116,1986,2071,1971,2210
2011,2212,2213,1977,2096,1979,2097
2012,1960,2017,2214,2168,2037,2188
2013,2004,2137,2217,2053,1962,2205
2014,2146,2064,1981,1975,2094
2015,2065,1965,2207,2134,1995,2206
2016,2072,2218,2224,2087,1989,1970
2017,2012,1960,2192,2193,2168,2045
2018,2221,2220,2092,2112,1975,1981
2019,2050,2200,1053,1052,2208,1961
2020,2079,2216,2021,1989,990,1970
2021,992,991,2020,1989,2022,990
2022,2087,2508,2021,1989,2669,992
2023,1977,1979,2230,2109,2231,2100
2024,1959,2027,2184,2196,2030,2225
2025,2239,2147,1995,1965,2233,2068
2026,2088,1971,1986,2130,2234,2235
2027,2024,1959,2184,2226,2204,2107
2028,2236,2201,1958,2031,2032,2199
2029,1962,2004,2136,2066,2229,2228
2030,2249,2219,2024,2196,1959,2333
2031,1958,2028,2039,2215,2245,2201
2032,2041,2209,2238,1958,2028,2199
2033,2132,2251,1974,1984,2252,2098
2034,2086,2243,1967,1993,2143,2244
2035,1964,2073,2248,2161,2255,1999
2036,2142,1988,2261,2262,2090,1998
2037,2054,1960,2240,2012,2188,2263
2038,1972,1996,2163,2287,1006,2286
2039,1958,2031,2044,2232,2215,2264
2040,1982,1976,2266,2124,2115,2265
2041,2032,2209,2227,2250,1958,2044
2042,2169,2247,2246,2075,1963,2005
2043,1994,2154,2257,1969,2091,2256
2044,2267,2227,2039,1958,2041,2232
2045,2241,2242,2192,2055,1960,2017
2046,2259,2258,2167,2001,1966,2083
2047,2271,2102,2152,1991,2272,1973
2048,2279,2270,1963,2008,2074,2185
2049,1966,2082,2003,2275,2285,2176
2050,2019,2200,2254,2253,1961,2061
2051,13,3,2368,2119,2367,14
2052,2126,2292,2291,1980,2140,1983
2053,2304,2205,2013,1962,2070,2276
2054,2302,2269,1960,2037,2240,2055
2055,2280,2269,2045,2241,1960,2054
2056,1969,2093,2182,2002,2305,2311
2057,2101,1973,2175,1997,2312,2313
2058,1054,1961,2061,2273,2711,2323
2059,2076,2277,2278,1964,2186,2009
2060,2315,2121,2156,2314,1985,1978
2061,2273,2058,2303,1961,2050,2253
2062,1978,1987,2149,2318,2319,2122
2063,32,33,9,2325,2111,2324
2064,2222,2114,2146,2014,2268,2223,2094
2065,2306,2307,2081,2015,1965,2206
2066,2289,2288,1962,2029,2070,2228
2067,2117,2330,2461,2331,2099,2006
2068,2025,1965,2081,2233,2342,2329
2069,1990,2157,2127,1980,2334,2335
2070,2053,1962,2338,2288,2276,2066
2071,2347,2351,2010,1971,2210,2103
2072,2218,2016,2343,2350,2095,1970
2073,2076,2332,1964,2035,2248,2348
2074,2346,2316,1963,2048,2075,2270
2075,2317,2246,2316,2042,1963,2074
2076,2073,2332,2059,2277,2341,1964
2077,2007,1974,2344,2345,2189,2105
2078,1976,2125,2000,2181,2357,2356
2079,2020,2216,1970,2339,2095,2340
2080,1983,2141,2361,1990,2158,2360
2081,2329,2349,2065,2306,2068,1965
2082,2049,1966,2275,2359,2083,2336
2083,2336,2082,2337,1966,2258,2046
2084,2155,2363,1985,1987,2150,2362
2085,2309,2211,1988,1998,2552,2166
2086,2299,2243,2034,2297,2172,1967
2087,2022,2508,2016,1989,2224,2509
2088,2026,1971,2103,2234,2354,2355
2089,2373,2374,2128,2180,2000,1982
2090,2036,1998,2376,2365,2262,2308
2091,2093,1969,2353,2352,2043,2256
2092,2221,2018,1975,2380,2113,2284
2093,2056,1969,2375,2305,2091,2352
2094,2064,2223,2014,1975,2282,2113
2095,2369,2343,2339,2079,1970,2072
2096,2120,2377,2378,2212,2011,1977
2097,2392,2393,2129,2213,2011,1979
2098,2105,2384,2252,2033,1974,2391
2099,2461,2067,2462,2006,2135,2136,2229
2100,1977,2120,2397,2398,2231,2023
2101,2057,1973,2370,2102,2388,2313
2102,2371,2271,2370,2101,1973,2047
2103,1971,2088,2071,2383,2347,2354
2104,2190,2007,2403,2144,2402,1984
2105,2098,2384,2385,2344,1974,2077
2106,2170,2408,2407,2164,1992,1996
2107,2162,2421,2700,1959,2204,2027
2108,40,14,2387,41,2386,2119
2109,2129,2395,2396,1979,2230,2023
2110,1997,2178,2153,1991,2412,2411
2111,31,2469,2470,2324,32,2063
2112,2410,2409,2220,2018,1981,2145
2113,2282,2283,1975,2092,2284,2094
2114,2222,2064,2399,2268,2328,2414
2115,2405,2125,1976,2040,2265,2406
2116,2211,2309,1986,2148,2010,2310
2117,2390,2330,2151,2389,2067,2006
2118,2195,2458,2457,2160,2002,1994
2119,2051,2368,14,2108,2386,2415
2120,1977,2100,2398,2413,2096,2377
2121,2060,2315,2122,1978,2419,2459
2122,1978,2121,2419,2420,2062,2318
2123,2578,2434,1993,2159,1968
2124,1982,2128,2464,2266,2465,2040
2125,2078,1976,2405,2115,2357,2433
2126,2052,2292,2460,2455,2127,1980
2127,2456,2455,2069,1980,2334,2126
2128,2124,1982,2466,2465,2089,2373
2129,2109,2395,2393,2394,1979,2097
2130,1986,2026,2235,2524,2523,2148
2131,2171,2001,2003,2197,2512,2511
2132,2251,2033,2468,2467,1984,2144
2133,2480,2481,2009,1999,2187,2179
2134,2547,2548,2015,2207,2174,1995
2135,2006,2203,2137,2136,2004,2099
2136,2029,2004,2135,2099,2229
2137,2217,2527,2203,2135,2529,2004,2013
2138,2440,2438,2202,2177,2008,2005
2139,2293,2294,46,2296,994,2295
2140,2544,2542,2141,1983,2291,2052
2141,2542,2543,2140,1983,2080,2361
2142,2036,1988,2261,2487,2489,2165
2143,2244,2417,2159,1993,2418,2034
2144,2104,2403,2467,2545,1984,2132
2145,2409,2696,2697,1981,2112,2146
2146,2064,2014,1981,2268,2588,2697,2145
2147,2572,2573,2239,2025,2174,1995
2148,1986,2116,2130,2310,2524
2149,2319,2575,1987,2062,2150,2576
2150,2084,1987,2362,2576,2577,2149
2151,2117,2389,2404,2379,2006,2203
2152,1991,2153,2272,2579,2047,2580
2153,2152,1991,2110,2580,2581,2411
2154,2043,1994,2160,2425,2257,2424
2155,2084,2363,2156,1985,2559,2558
2156,2155,1985,2060,2314,2558,2560
2157,1990,2069,2583,2582,2158,2335
2158,2157,1990,2584,2360,2080,2583
2159,1993,2123,2434,2435,2143,2418
2160,2154,2425,2457,2118,1994,2549
2161,2179,1999,2035,2255,2499,2498
2162,2107,2421,2353,2333,1959,2702
2163,2592,2591,2287,2164,1996,2038
2164,2106,2407,2593,2592,2163,1996
2165,2166,2463,2142,1988,2485,2487
2166,2165,2463,2553,2552,1988,2085
2167,2171,2274,2260,2259,2001,2046
2168,2193,2194,2322,2017,2214,2012
2169,2042,2247,2177,2005,2478,2475
2170,1992,1038,2106,2408,2587,1037
2171,2131,2001,2274,2574,2511,2167
2172,2295,2297,2519,2173,1967,2086
2173,2172,1967,2670,1968,2519,2513
2174,2134,2548,2572,2585,1995,2147
2175,1997,2057,2312,2178,2594,2596
2176,2518,2197,2285,2049,2517,2003
2177,2442,2478,2169,2005,2440,2138
2178,1997,2110,2175,2594,2595,2412
2179,2161,1999,2498,2479,2480,2133
2180,2181,2000,2620,2374,2621,2089
2181,2180,2000,2356,2622,2078,2621
2182,2623,2195,2002,2056,2311,2625
2183,4,16,2690,2428,2691,15
2184,2024,2027,2441,2225,2439,2226
2185,2008,2202,2444,2445,2279,2048
2186,2187,2009,2486,2488,2059,2278
2187,2009,2186,2482,2486,2133,2481
2188,2608,2263,2609,2037,2012,2214
2189,2503,2190,2007,2077,2345,2497
2190,2104,2007,2503,2189,2522,2402
2191,2431,2600,2599,6,24,23
2192,63,62,2193,2045,2242,2017
2193,2168,2194,61,62,2192,2017
2194,2168,2193,60,2586,61,2322
2195,2623,2182,2458,2118,2002,2624
2196,2024,2030,2453,2225,2454,2249
2197,2512,2131,2550,2518,2176,2003
2198,2612,2611,58,59,22,2586
2199,2238,2032,2028,2236,2682,2671
2200,2667,2665,2050,2019,2254,2208
2201,2236,2028,2684,2685,2031,2245
2202,2437,2438,2185,2008,2444,2138
2203,2006,2135,2137,2529,2151,2379
2204,2426,2427,2700,2226,2027,2107
2205,2304,2053,2528,2526,2217,2013
2206,2537,2539,2207,2307,2065,2015
2207,2546,2539,2015,2134,2206,2547
2208,1014,1051,2019,1052,2667,2200
2209,2041,2032,2238,2673,2250,2674
2210,2552,2211,2010,2554,2351,2071
2211,2085,2309,2116,2010,2552,2210
2212,2378,2476,2477,2213,2011,2096
2213,2392,2097,2510,2212,2477,2011
2214,2609,2610,2012,2168,2322,2188
2215,2693,2245,2694,2039,2031,2264
2216,2079,2020,990,1008,1009,2340
2217,2137,2527,2525,2526,2205,2013
2218,2658,2657,2224,2072,2016,2350
2219,2030,2249,2484,2504,2505,2333
2220,2221,2018,2112,2410,2645,2646
2221,2647,2646,2220,2018,2092,2380
2222,2064,2114,2399,2400,2281,2223
2223,2222,2281,2064,2282,1066,2094
2224,2659,2509,2218,2658,2016,2087
2225,2441,2184,2453,2196,2443,2024
2226,2427,2436,2439,2184,2027,2204
2227,2676,2250,2677,2267,2041,2044
2228,2643,2644,2289,2029,2229,2066
2229,2644,2462,2136,2099,2029,2228
2230,2566,2565,2023,2109,2396,2231
2231,2397,2100,2023,2564,2230,2565
2232,2680,2264,2679,2267,2044,2039
2233,2617,2342,2025,2239,2068,2616
2234,2026,2088,2355,2630,2631,2235
2235,2026,2130,2234,2631,2632,2523
2236,2028,2201,2683,2684,2682,2199
2237,30,2321,2570,75,76,2571
2238,2673,2672,2209,2032,2199,2671
2239,2025,2147,2616,2615,2573,2233
2240,2054,2037,2263,2606,2605,2302
2241,2618,2619,2045,2242,2055,2280
2242,2045,2241,64,63,2192,2619
2243,2086,2299,2301,2034,2244,2326
2244,2416,2417,2143,2243,2326,2034
2245,2215,2693,2707,2685,2031,2201
2246,2317,2075,2472,2473,2247,2042
2247,2169,2042,2246,2473,2475,2474
2248,2501,2502,2255,2348,2073,2035
2249,2030,2219,2484,2196,2454,2483
2250,2676,2227,2675,2041,2674,2209
2251,2132,2033,2468,2534,2533,2252
2252,2098,2033,2532,2391,2251,2533
2253,2050,2254,2661,2662,2303,2061
2254,2050,2253,2200,2665,2660,2661
2255,2500,2501,2248,2499,2035,2161
2256,2257,2422,2421,2353,2043,2091
2257,2256,2422,2424,2423,2154,2043
2258,2259,2046,2337,2083,995,2699
2259,2260,2167,2258,2046,995,996
2260,2589,2274,2259,2167,997,996
2261,2142,2036,2262,2492,2489,2491
2262,2036,2261,2492,2493,2376,2090
2263,2607,2606,2608,2188,2240,2037
2264,2232,2680,2681,2694,2039,2215
2265,2636,2634,2040,2115,2266,2406
2266,2464,2124,2040,2638,2636,2265
2267,2677,2227,2044,2679,2232,2678
2268,2328,2114,2064,2146,2588,2327
2269,2280,2055,2054,2302,2602,2603
2270,2048,2279,2447,2448,2346,2074
2271,2371,2102,2627,2628,2047,2272
2272,2627,2626,2152,2579,2271,2047
2273,2061,2058,2666,2323,2303,2664
2274,2171,2574,2589,2260,2167,2590
2275,2049,2082,2359,2514,2515,2285
2276,2304,2053,2635,2637,2070,2338
2277,2341,2495,2494,2278,2059,2076
2278,2277,2494,2488,2490,2059,2186
2279,2048,2270,2446,2445,2185,2447
2280,2055,2269,2601,2618,2241,2602
2281,2400,2222,48,47,2223,1066
2282,2113,2283,2223,1066,2094,1065
2283,2284,1019,2113,2282,1065,1064
2284,1019,2381,2283,2380,2092,2113
2285,2176,2049,2516,2517,2515,2275
2286,2287,2038,1006,2710,2652,2651
2287,2591,2653,2163,2038,2286,2652
2288,2066,2289,2338,2070,2640,2641
2289,2642,2641,2066,2288,2643,2228
2290,2426,2372,2401,2364,2578
2291,2649,2292,2052,2650,2544,2140
2292,2052,2126,2649,2291,2460,2648
2293,2520,2521,2708,2139,2294,994
2294,2519,2513,2293,2139,2520,2295
2295,2297,2172,2519,2296,2139,2294
2296,2297,2298,44,45,46,2139,2295
2297,2296,2298,2295,2172,2299,2086
2298,2297,2296,2300,2299,43,44
2299,2086,2243,2300,2298,2301,2297
2300,2299,2298,2387,2301,43,42
2301,2243,2299,2300,2387,2386,2326
2302,2604,2605,2054,2269,2603,2240
2303,2663,2662,2664,2273,2061,2253
2304,2205,2053,2633,2528,2276,2635
2305,2093,2375,2555,2056,2556,2311
2306,2065,2307,2081,2536,2538,2349
2307,2065,2306,2536,2535,2537,2206
2308,1998,2309,2310,2090,2365
2309,2085,2211,1998,2308,2116,2310
2310,2365,2366,2309,2308,2525,2524,2116,2148
2311,2556,2305,2056,2182,2625,2557
2312,2175,2057,2313,2655,2654,2596
2313,2388,2101,2057,2656,2655,2312
2314,2060,2156,2562,2561,2315,2560
2315,2060,2121,2459,2563,2562,2314
2316,2346,2074,2450,2451,2317,2075
2317,2471,2451,2316,2246,2075,2472
2318,2568,2569,2420,2062,2319,2122
2319,2149,2575,2062,2318,2569,2597
2320,2703,2569,2568,29,30,2321
2321,2237,30,2570,2320,2568,2567
2322,2168,2194,2214,2610,2611,2586
2323,2666,2273,2668,2701,2058,2711
2324,2111,2470,2450,2451,2063,2325
2325,9,2063,2324,2452,2449,2450
2326,2244,2243,2386,2301,2415,2416
2327,2328,2688,2588,2686,2687,2268
2328,2689,2414,2327,2688,2268,2114
2329,2081,2349,2687,2068,2688,2342
2330,2538,2331,2536,2117,2390,2067
2331,2538,2330,2540,2541,2461,2067
2332,2562,2561,2076,2073,2341,2348
2333,2162,1959,2030,2219,2505,2702
2334,2456,2641,2335,2640,2069,2127
2335,2334,2640,2639,2582,2069,2157
2336,2337,2521,2083,2082,2359,2520
2337,2521,2336,2083,2698,2258,2699
2338,2070,2288,2276,2640,2639,2637
2339,2651,2652,2095,2369,2079,2340
2340,1007,2651,2216,2079,2339,1008
2341,2277,2495,2496,2561,2076,2332
2342,2233,2617,2688,2689,2068,2329
2343,2095,2369,2655,2654,2350,2072
2344,2345,2077,2105,2385,2495,2494
2345,2495,2496,2344,2077,2497,2189
2346,2316,2074,2450,2449,2448,2270
2347,2351,2071,2556,2557,2383,2103
2348,2248,2502,2563,2562,2332,2073
2349,2081,2329,2687,2540,2306,2538
2350,2655,2656,2657,2343,2072,2218
2351,2555,2554,2347,2071,2210,2556
2352,2702,2353,2093,2375,2091
2353,2421,2162,2702,2352,2091,2256
2354,2103,2088,2355,2383,2627,2628
2355,2088,2354,2628,2629,2234,2630
2356,2635,2637,2622,2181,2357,2078
2357,2078,2125,2433,2633,2635,2356
2358,2382,993,1016,2648,2649,1015
2359,2082,2275,2514,2513,2336,2520
2360,2666,2361,2584,2158,2664,2080
2361,2666,2360,2141,2080,2668,2543
2362,2363,2603,2084,2602,2150,2577
2363,2559,2604,2155,2084,2603,2362
2364,2578,2290,2401,2515,2670,2516
2365,2530,2366,2310,2376,2090,2308
2366,2530,2365,2310,2529,2527,2525
2367,2447,2368,2051,3,2432,2448
2368,2447,2446,2051,2119,2367,2415
2369,2095,2343,2339,2654,2653,2652
2370,2101,2102,2636,2388,2371,2634
2371,2102,2271,2629,2628,2370,2634
2372,2700,2421,2290,2426,2401,2422
2373,2661,2662,2466,2089,2374,2128
2374,2620,2663,2180,2373,2089,2662
2375,2702,2506,2093,2305,2555,2352
2376,2493,2531,2530,2365,2090,2262
2377,2096,2120,2378,2472,2473,2413
2378,2476,2212,2472,2471,2377,2096
2379,2531,2530,2404,2151,2203,2529
2380,2382,2647,2381,2221,2092,2284
2381,1018,993,2284,1019,2382,2380
2382,2380,2647,993,2358,2648,2381
2383,2627,2626,2557,2347,2103,2354
2384,2492,2491,2105,2098,2391,2385
2385,2490,2494,2105,2344,2384,2491
2386,2108,2387,2119,2326,2301,2415
2387,2300,2301,42,41,2108,2386
2388,2313,2101,2370,2636,2638,2656
2389,2117,2151,2390,2534,2533,2404
2390,2117,2330,2535,2536,2389,2534
2391,2252,2532,2493,2492,2384,2098
2392,2097,2393,79,2213,80,2510
2393,2097,2392,79,2129,2394,78
2394,78,77,2571,2395,2129,2393
2395,2571,2570,2394,2109,2129,2396
2396,2570,2567,2395,2109,2230,2566
2397,2501,2502,2100,2398,2231,2564
2398,2120,2413,2500,2100,2397,2501
2399,2114,2222,2414,2691,2692,2400
2400,2281,2222,2692,48,2399
2401,2423,2516,2422,2372,2290,2364
2402,2605,2606,2104,2403,2522,2190
2403,2104,2144,2402,2607,2606,2545
2404,2532,2533,2389,2151,2531,2379
2405,2406,2630,2125,2115,2631,2433
2406,2634,2629,2405,2630,2115,2265
2407,2106,2164,2408,2593,2679,2680
2408,2106,2170,2407,2680,2587,2681
2409,2112,2410,2644,2643,2145,2696
2410,2112,2409,2220,2645,2642,2643
2411,2412,2677,2676,2153,2110,2581
2412,2678,2677,2178,2595,2411,2110
2413,2120,2398,2500,2474,2473,2377
2414,2691,2399,2328,2689,2690,2114
2415,2368,2446,2386,2326,2416,2119
2416,2244,2417,2446,2445,2415,2326
2417,2244,2416,2143,2418,2445,2444
2418,2437,2435,2159,2143,2417,2444
2419,2566,2420,2459,2565,2122,2121
2420,2566,2419,2318,2568,2122,2567
2421,2372,2700,2107,2162,2353,2422,2256
2422,2423,2401,2256,2257,2372,2421
2423,2517,2516,2401,2422,2257,2424
2424,2518,2517,2425,2257,2423,2154
2425,2549,2550,2518,2424,2154,2160
2426,2204,2427,2290,2372,2578,2700,2434
2427,2436,2226,2435,2434,2204,2426
2428,2616,2429,4,2690,2183,2617
2429,2616,2428,4,5,2615,2430
2430,20,19,2615,2614,5,2429
2431,2618,2601,2600,2191,2704,23
2432,3,2367,2,2452,2448,2449
2433,2631,2632,2405,2357,2633,2125
2434,2578,2123,2435,2427,2159,2426
2435,2418,2437,2427,2434,2159,2436
2436,2427,2226,2438,2439,2437,2435
2437,2418,2435,2202,2438,2436,2444
2438,2437,2202,2439,2436,2138,2440
2439,2440,2441,2438,2436,2184,2226
2440,2441,2442,2439,2138,2438,2177
2441,2440,2442,2439,2225,2184,2443
2442,2441,2440,2479,2443,2177,2478
2443,2442,2479,2480,2441,2225,2453
2444,2202,2437,2185,2445,2417,2418
2445,2416,2446,2279,2185,2444,2417
2446,2447,2368,2415,2416,2445,2279
2447,2446,2368,2367,2270,2448,2279
2448,2270,2447,2367,2432,2449,2346
2449,2450,2346,2452,2432,2448,2325
2450,2346,2316,2451,2449,2324,2325
2451,2450,2316,2471,2317,2470,2324
2452,2432,2,2449,9,1,2325
2453,2196,2225,2454,2481,2480,2443
2454,2483,2482,2196,2453,2481,2249
2455,2456,2645,2127,2460,2646,2126
2456,2645,2455,2334,2641,2127,2642
2457,2673,2549,2118,2458,2674,2160
2458,2195,2118,2624,2674,2675,2457
2459,2563,2564,2565,2419,2121,2315
2460,2455,2646,2647,2648,2292,2126
2461,2331,2541,2695,2067,2462,2099
2462,2644,2229,2696,2461,2695,2099
2463,2165,2166,2553,2484,2483,2485
2464,2657,2658,2638,2266,2124,2465
2465,2659,2466,2128,2658,2124,2464
2466,2659,2465,2661,2660,2128,2373
2467,2537,2468,2545,2539,2144,2132
2468,2537,2467,2251,2534,2132,2535
2469,2111,31,2705,2477,2476,2470
2470,2111,2324,2451,2471,2469,2476
2471,2317,2451,2470,2378,2472,2476
2472,2473,2246,2378,2471,2317,2377
2473,2472,2246,2247,2377,2413,2474
2474,2499,2475,2500,2247,2413,2473
2475,2499,2498,2474,2247,2169,2478
2476,2378,2212,2469,2470,2471,2477
2477,2469,2705,2510,2212,2476,2213
2478,2442,2177,2169,2479,2498,2475
2479,2442,2443,2498,2179,2480,2478
2480,2443,2479,2133,2481,2179,2453
2481,2480,2133,2453,2454,2187,2482
2482,2187,2486,2483,2454,2485,2481
2483,2454,2482,2485,2484,2249,2463
2484,2553,2504,2249,2219,2483,2463
2485,2482,2483,2487,2165,2486,2463
2486,2482,2187,2186,2488,2485,2487
2487,2489,2142,2488,2485,2165,2486
2488,2278,2490,2489,2486,2186,2487
2489,2490,2491,2487,2142,2261,2488
2490,2385,2494,2491,2489,2488,2278
2491,2490,2489,2384,2492,2261,2385
2492,2384,2491,2391,2493,2262,2261
2493,2531,2376,2532,2391,2492,2262
2494,2385,2490,2277,2278,2495,2344
2495,2277,2341,2496,2345,2494,2344
2496,2495,2345,2341,2561,2560,2497
2497,2558,2503,2560,2496,2345,2189
2498,2179,2479,2499,2475,2161,2478
2499,2498,2475,2474,2500,2255,2161
2500,2501,2255,2499,2474,2413,2398
2501,2500,2255,2248,2502,2397,2398
2502,2248,2501,2397,2348,2564,2563
2503,2190,2189,2497,2558,2522,2559
2504,2506,2507,2484,2553,2505,2219
2505,2506,2504,2219,2702,2333
2506,2504,2507,2505,2702,2375,2554,2555
2507,2506,2504,2552,2554,2553
2508,2022,2087,2667,2669,2665,2509
2509,2659,2224,2660,2665,2087,2508
2510,2705,81,80,2392,2213,2477
2511,2671,2682,2574,2171,2131,2512
2512,2197,2131,2550,2671,2511,2672
2513,2670,2514,2294,2519,2520,2173,2359
2514,2670,2513,2275,2359,2515
2515,2670,2364,2516,2285,2275,2514
2516,2423,2517,2401,2285,2364,2515
2517,2423,2516,2518,2424,2285,2176
2518,2517,2424,2425,2197,2176,2550
2519,2294,2513,2295,2172,2173
2520,2521,2293,2294,2513,2359,2336
2521,2337,2336,2520,2293,2708,2698
2522,2503,2190,2402,2605,2559,2604
2523,2524,2130,2235,2632,2528,2526
2524,2310,2525,2523,2130,2148,2526
2525,2217,2527,2526,2310,2524,2366
2526,2525,2217,2205,2528,2524,2523
2527,2137,2217,2525,2529,2366
2528,2633,2632,2205,2526,2304,2523
2529,2203,2137,2530,2366,2527,2379
2530,2366,2365,2531,2379,2529,2376
2531,2493,2376,2379,2530,2404,2532
2532,2404,2533,2252,2391,2493,2531
2533,2404,2532,2534,2389,2251,2252
2534,2251,2468,2390,2389,2533,2535
2535,2390,2536,2307,2537,2468,2534
2536,2330,2538,2306,2390,2535,2307
2537,2468,2467,2206,2539,2307,2535
2538,2331,2330,2536,2306,2540,2349
2539,2546,2207,2545,2467,2206,2537
2540,2331,2538,2349,2687,2686,2541
2541,2331,2461,2695,2686,2540
2542,1055,2543,2141,2140,2544,1056
2543,1055,2542,2141,2361,2712,2668
2544,2140,2542,2650,2291,1056,1057
2545,2539,2467,2607,2546,2144,2403
2546,2207,2539,2607,2545,2547,2608
2547,2548,2609,2134,2608,2207,2546
2548,2547,2609,2134,2610,2585,2174
2549,2550,2425,2457,2673,2672,2160
2550,2549,2425,2197,2512,2518,2672
2551,2684,2706,2590,2683,986,987
2552,2211,2085,2507,2554,2553,2166,2210
2553,2484,2504,2463,2166,2552,2507
2554,2351,2555,2506,2507,2552,2210
2555,2351,2554,2506,2556,2375,2305
2556,2555,2351,2347,2311,2305,2557
2557,2347,2383,2311,2556,2625,2626
2558,2497,2503,2560,2156,2559,2155
2559,2363,2604,2155,2558,2503,2522
2560,2558,2497,2156,2496,2314,2561
2561,2562,2332,2314,2341,2496,2560
2562,2561,2332,2563,2315,2314,2348
2563,2564,2459,2315,2562,2348,2502
2564,2563,2459,2231,2397,2502,2565
2565,2566,2230,2459,2419,2231,2564
2566,2420,2419,2565,2230,2567,2396
2567,2568,2420,2396,2570,2321,2566
2568,2320,2569,2318,2420,2567,2321
2569,2703,2320,2568,2318,2319,2597
2570,2395,2571,2237,2321,2396,2567
2571,2395,2570,2394,77,76,2237
2572,2573,2613,2147,2174,2585,2612
2573,2572,2613,2615,2614,2147,2239
2574,2274,2171,2511,2682,2683,2590
2575,2149,2319,2598,2597,2576,2599
2576,2599,2600,2150,2577,2149,2575
2577,2602,2601,2362,2150,2576,2600
2578,2123,2434,2670,1968,2364,2290,2426
2579,2626,2625,2623,2580,2272,2152
2580,2623,2579,2624,2581,2153,2152
2581,2675,2676,2580,2624,2153,2411
2582,2583,2157,2622,2639,2621,2335
2583,2621,2620,2582,2157,2158,2584
2584,2620,2663,2158,2360,2583,2664
2585,2610,2611,2548,2612,2572,2174
2586,60,59,2194,2611,2198,2322
2587,2681,2709,2170,1037,1036,2408
2588,2686,2697,2327,2268,2146
2589,2260,2274,986,998,2590,997
2590,2589,2274,986,2683,2551,2574
2591,2596,2653,2592,2163,2594,2287
2592,2591,2163,2593,2164,2595,2594
2593,2164,2407,2592,2595,2678,2679
2594,2178,2175,2596,2591,2592,2595
2595,2592,2593,2678,2178,2412,2594
2596,2653,2654,2312,2591,2175,2594
2597,2598,2575,2319,2569,2703,8
2598,2575,2597,7,8,6,2599
2599,2576,2600,2191,6,2575,2598
2600,2576,2599,2431,2601,2191,2577
2601,2431,2618,2600,2602,2577,2280
2602,2269,2603,2362,2577,2601,2280
2603,2604,2363,2302,2362,2602,2269
2604,2302,2605,2559,2363,2603,2522
2605,2606,2402,2604,2302,2240,2522
2606,2605,2402,2263,2607,2403,2240
2607,2263,2606,2403,2546,2545,2608
2608,2263,2188,2609,2547,2607,2546
2609,2548,2547,2214,2610,2608,2188
2610,2609,2214,2322,2585,2611,2548
2611,2612,2198,2586,2585,2610,2322
2612,2611,2198,2585,22,2572,2613
2613,2573,2572,2614,21,22,2612
2614,2615,2430,2573,2613,20,21
2615,2614,2430,2573,2429,2616,2239
2616,2429,2428,2615,2239,2617,2233
2617,2689,2690,2428,2233,2342,2616
2618,2431,2601,2241,2619,2704,2280
2619,2241,2618,65,64,2704,2242
2620,2663,2374,2180,2621,2583,2584
2621,2583,2620,2180,2181,2622,2582
2622,2639,2637,2356,2181,2582,2621
2623,2195,2182,2579,2580,2625,2624
2624,2580,2623,2458,2195,2581,2675
2625,2626,2579,2311,2182,2623,2557
2626,2627,2383,2272,2579,2625,2557
2627,2626,2383,2272,2628,2271,2354
2628,2629,2371,2627,2271,2354,2355
2629,2406,2634,2371,2628,2355,2630
2630,2405,2406,2629,2355,2631,2234
2631,2632,2433,2405,2630,2234,2235
2632,2631,2433,2633,2528,2235,2523
2633,2632,2528,2357,2433,2304,2635
2634,2406,2629,2370,2371,2636,2265
2635,2356,2637,2304,2276,2357,2633
2636,2370,2388,2638,2266,2634,2265
2637,2639,2622,2356,2635,2276,2338
2638,2388,2656,2657,2464,2636,2266
2639,2622,2637,2582,2640,2335,2338
2640,2334,2335,2639,2288,2641,2338
2641,2642,2289,2456,2334,2640,2288
2642,2641,2289,2645,2410,2643,2456
2643,2644,2409,2228,2289,2642,2410
2644,2229,2462,2409,2643,2696,2228
2645,2410,2220,2456,2455,2642,2646
2646,2647,2221,2460,2455,2220,2645
2647,2646,2221,2380,2382,2460,2648
2648,2358,2382,2460,2647,2292,2649
2649,2291,2292,2358,2648,2650,1015
2650,2649,2291,2544,1058,1015,1057
2651,1007,2340,2652,2339,2710,2286
2652,2651,2339,2653,2369,2286,2287
2653,2596,2654,2369,2591,2287,2652
2654,2653,2596,2312,2655,2343,2369
2655,2656,2350,2313,2312,2654,2343
2656,2655,2350,2313,2388,2638,2657
2657,2658,2218,2464,2638,2656,2350
2658,2218,2657,2224,2464,2659,2465
2659,2465,2466,2509,2224,2660,2658
2660,2509,2665,2254,2659,2466,2661
2661,2253,2254,2373,2662,2466,2660
2662,2663,2303,2661,2373,2253,2374
2663,2303,2662,2620,2374,2664,2584
2664,2663,2303,2584,2360,2273,2666
2665,2200,2667,2254,2508,2509,2660
2666,2323,2273,2360,2361,2664,2668
2667,2200,2665,2669,2508,2208,1014
2668,2323,2701,2361,2666,2543,2712
2669,1013,992,2667,2508,1014,2022
2670,2514,2513,1968,2578,2173,2515,2364
2671,2682,2511,2512,2238,2199,2672
2672,2673,2238,2550,2512,2671,2549
2673,2238,2672,2209,2457,2549,2674
2674,2675,2250,2458,2457,2673,2209
2675,2581,2676,2250,2674,2458,2624
2676,2227,2250,2675,2581,2677,2411
2677,2267,2227,2412,2678,2411,2676
2678,2412,2677,2593,2595,2267,2679
2679,2680,2232,2267,2593,2407,2678
2680,2232,2264,2679,2407,2408,2681
2681,2587,2709,2408,2264,2680,2694
2682,2671,2511,2574,2683,2236,2199
2683,2574,2682,2590,2551,2236,2684
2684,2706,2551,2201,2685,2683,2236
2685,2707,989,2245,2684,2201,2706
2686,2588,2697,2695,2327,2687,2540,2541
2687,2349,2329,2327,2686,2688,2540
2688,2328,2327,2342,2689,2329,2687
2689,2617,2690,2328,2414,2688,2342
2690,2689,2617,2428,2183,2691,2414
2691,2414,2399,15,2692,2690,2183
2692,48,2400,49,15,2691,2399
2693,2215,2245,2707,2694,1005,1004
2694,1005,2693,2215,2681,2709,2264
2695,2461,2541,2686,2697,2462,2696
2696,2644,2462,2697,2695,2145,2409
2697,2686,2588,2695,2696,2145,2146
2698,1021,1022,2337,2521,2699,2708
2699,1022,2698,2337,2258,1023,995
2700,2372,2421,2107,2426,2204
2701,1105,1106,2323,2668,2711,2712
2702,2505,2506,2375,2352,2353,2333,2162
2703,29,28,2569,2320,2597,8
2704,66,23,2618,2619,65,2431
2705,2469,31,81,2510,82,2477
2706,2684,2551,989,2685,987,988
2707,989,2685,2245,2693,1003,1004
2708,2293,2521,994,1020,2698,1021
2709,2681,2587,1035,1036,2694,1005
2710,1042,1007,1041,1006,2286,2651
2711,1105,1104,2058,1054,2323,2701
2712,2543,2668,2701,1107,1055,1106
