5
79,79,371,79,371,371,79,371
1,137.33,330.02,0
2,148.27,331.5,0
3,159.8,333.33,0
4,187.39,97.176,0
5,177.22,96.434,0
6,170.89,104.25,0
7,162.83,112.77,0
8,95.482,193.3,0
9,90.232,201.87,0
10,93.687,212.94,0
11,97.286,222.33,0
12,132.75,320.38,0
13,130.78,337.65,0
14,141.33,339.59,0
15,151.66,341.11,0
16,161.48,343.24,0
17,171.35,345.16,0
18,203.04,350.72,0
19,213.67,353.21,0
20,223.96,352.54,0
21,216.94,95.37,0
22,205.57,93.224,0
23,194.14,89.611,0
24,184.29,87.615,0
25,173.65,87.035,0
26,167.05,94.864,0
27,159.89,102.42,0
28,153.13,110.06,0
29,147.58,118.48,0
30,127.02,142.76,0
31,120.27,151.11,0
32,114.81,159.75,0
33,107.83,167.34,0
34,101.8,175.38,0
35,91.953,183.12,0
36,85.554,191.72,0
37,79.755,200.19,0
38,83.89,209.67,0
39,86.582,220.58,0
40,91.519,230.56,0
41,95.976,239.57,0
42,104.51,268.81,0
43,108.99,278.08,0
44,113.06,287.62,0
45,116.24,297.16,0
46,119.66,307.2,0
47,122.55,318.92,0
48,126.28,328.39,0
49,124.09,345.15,0
50,134.56,347.11,0
51,144.61,349.09,0
52,154.7,351.2,0
53,165.22,353.14,0
54,174.95,355.9,0
55,184.82,357.9,0
56,196.47,359.61,0
57,206.5,360.26,0
58,216.84,362.8,0
59,224.54,88.064,0
60,212.26,85.581,0
61,202.23,81.908,0
62,191.17,79.593,0
63,181.08,78.088,0
64,171,77.129,0
65,163.8,85.001,0
66,157.25,92.625,0
67,149.87,100.55,0
68,143.16,108.58,0
69,136.59,116.34,0
70,129.86,124.53,0
71,123.17,132.13,0
72,117.01,141.03,0
73,110.01,149.92,0
74,103.15,157.27,0
75,97.64,165.68,0
76,90.846,173.09,0
77,81.794,181.53,0
78,75.432,189.9,0
79,69.278,198.12,0
80,72.697,208.18,0
81,76.797,218.23,0
82,80.107,228.27,0
83,84.214,237.96,0
84,86.916,247.72,0
85,90.465,257.36,0
86,94.499,267.87,0
87,97.949,277.36,0
88,102.26,287.05,0
89,106.07,296.95,0
90,109.62,306.73,0
91,112.77,316.61,0
92,115.5,326.5,0
93,119.19,336.36,0
94,116.57,353.9,0
95,126.67,354.89,0
96,137.47,356.92,0
97,147.97,358.89,0
98,158,360.86,0
99,168.21,363.36,0
100,178.43,365.66,0
101,188.71,367.29,0
102,198.57,369.44,0
103,209.34,370.34,0
104,219.12,372.69,0
105,218.19,76.618,0
106,208.4,73.822,0
107,198.51,71.994,0
108,188.39,69.599,0
109,177.85,68.573,0
110,167.75,66.466,0
111,161.15,75.11,0
112,153.41,83.007,0
113,146.71,90.521,0
114,140,98.659,0
115,133.07,106.93,0
116,126.59,115.03,0
117,119.46,122.78,0
118,113.16,131.16,0
119,106.86,139.31,0
120,100.13,146.85,0
121,93.454,154.63,0
122,87.052,163.48,0
123,79.806,171.67,0
124,71.833,180.18,0
125,65.463,188.09,0
126,59.104,196.42,0
127,62.737,206.37,0
128,66.418,216.28,0
129,70.323,225.92,0
130,73.616,235.94,0
131,77.146,245.35,0
132,80.581,255.54,0
133,84.318,265.43,0
134,87.739,275.31,0
135,91.715,285.24,0
136,95.95,294.88,0
137,99.386,304.46,0
138,102.52,314.01,0
139,105.08,323.73,0
140,108.53,334.43,0
141,112.34,344.25,0
142,109.99,361.5,0
143,120.05,363.97,0
144,131.01,364.69,0
145,140.74,367.21,0
146,150.7,368.57,0
147,160.88,371.1,0
148,171.08,372.99,0
149,182.42,375.13,0
150,192.58,377.51,0
151,203.25,378.63,0
152,213.28,380.87,0
153,223.98,383.33,0
154,215.8,66.854,0
155,204.86,63.693,0
156,194.9,61.926,0
157,184.89,60.176,0
158,174.45,58.423,0
159,164.51,56.892,0
160,157.73,65.625,0
161,150.55,72.659,0
162,143.56,80.972,0
163,136.39,89.096,0
164,128.96,96.942,0
165,122.96,105.39,0
166,116.14,113.29,0
167,109.24,121.9,0
168,103.18,129.95,0
169,96.092,137.23,0
170,89.969,145.2,0
171,83.464,153.53,0
172,76.192,161.88,0
173,69.311,169.72,0
174,62.113,177.62,0
175,55.764,185.42,0
176,49.516,193.29,0
177,52.348,203.87,0
178,55.547,213.39,0
179,59.77,223.82,0
180,62.748,233.44,0
181,66.461,243.77,0
182,70.813,253.17,0
183,73.628,264.14,0
184,77.893,273.29,0
185,81.708,283.35,0
186,85.092,292.82,0
187,88.663,302.39,0
188,92.253,311.78,0
189,95.087,321.43,0
190,98.679,332.16,0
191,101.77,341.86,0
192,106.18,352.19,0
193,103.65,370.44,0
194,113.63,371.71,0
195,125.13,372.85,0
196,134.86,375.36,0
197,144.81,376.8,0
198,154.61,379.01,0
199,164.74,380.8,0
200,175.34,382.27,0
201,186.12,385.32,0
202,196.39,386.82,0
203,206.42,388.34,0
204,216.98,390.54,0
205,224.12,59.828,0
206,213.89,56.984,0
207,202.27,53.984,0
208,191.29,52.423,0
209,181.25,50.634,0
210,170.9,48.803,0
211,160.35,47.173,0
212,154.22,55.155,0
213,147.66,62.859,0
214,140.6,71.206,0
215,133.63,79.432,0
216,126.19,87.247,0
217,118.96,95.85,0
218,112.81,103.8,0
219,105.91,111.33,0
220,99.386,119.19,0
221,93.047,127.65,0
222,85.846,136.03,0
223,79.412,143.97,0
224,73.344,152.13,0
225,66.359,159.8,0
226,58.288,167.42,0
227,52.17,175.82,0
228,45.247,183.85,0
229,38.871,192.18,0
230,42.463,202.05,0
231,45.64,211.67,0
232,49.509,221.43,0
233,52.864,231.12,0
234,56.339,241.66,0
235,60.132,251.74,0
236,64.082,260.99,0
237,67.366,272.1,0
238,71.856,281.36,0
239,74.921,291.16,0
240,78.473,300.86,0
241,82.097,310.25,0
242,84.953,319.88,0
243,88.133,329.57,0
244,91.877,340.07,0
245,96.305,350.3,0
246,100.02,360.14,0
247,96.474,378,0
248,106.34,380.13,0
249,118.57,380.47,0
250,128.72,383.32,0
251,138.51,385.67,0
252,148.4,387.47,0
253,158.84,388.93,0
254,168.88,389.97,0
255,178.67,392.65,0
256,189.45,394.96,0
257,199.93,396.37,0
258,210.31,398.07,0
259,222.6,399.08,0
260,219.19,48.093,0
261,209.14,46.633,0
262,198.13,44.825,0
263,187.79,43.001,0
264,177.45,41.178,0
265,167.11,39.355,0
266,156.77,37.531,0
267,150.46,45.358,0
268,144.17,53.192,0
269,136.93,61.852,0
270,129.99,69.874,0
271,123.44,77.536,0
272,116.19,86.189,0
273,108.9,93.64,0
274,102.93,101.73,0
275,95.958,109.74,0
276,89.243,117.75,0
277,82.7,125.61,0
278,75.646,133.21,0
279,69.493,142.36,0
280,63.251,150.24,0
281,55.441,157.62,0
282,48.29,166.39,0
283,42.029,174.27,0
284,35.28,182.31,0
285,28.531,190.36,0
286,32.122,200.22,0
287,35.713,210.09,0
288,39.304,219.96,0
289,42.896,229.82,0
290,46.394,240.2,0
291,49.763,249.68,0
292,53.187,259.56,0
293,57.848,268.87,0
294,60.614,279.66,0
295,65.138,288.84,0
296,68.145,299.6,0
297,72.147,308.82,0
298,73.808,319.06,0
299,78.008,328.82,0
300,82.033,338.03,0
301,85.588,347.91,0
302,89.74,357.91,0
303,93.185,367.89,0
304,89.983,385.86,0
305,99.844,387.8,0
306,110.71,389.2,0
307,120.58,391.12,0
308,131.01,393.52,0
309,141.44,395.85,0
310,152.47,397.06,0
311,162.44,399.08,0
312,172.41,400.76,0
313,182.37,402.09,0
314,193.28,404.53,0
315,203.76,405.93,0
316,214.1,407.75,0
317,224.35,409.57,0
318,215.22,38.604,0
319,204.86,36.807,0
320,194.54,34.958,0
321,184.2,33.134,0
322,173.86,31.311,0
323,163.52,29.488,0
324,153.18,27.665,0
325,146.43,35.708,0
326,139.68,43.751,0
327,133.32,51.792,0
328,126.79,59.442,0
329,120.03,68.075,0
330,112.95,75.561,0
331,106.34,83.918,0
332,98.81,91.473,0
333,93.002,100.13,0
334,85.625,108.29,0
335,79.32,116.13,0
336,72.203,123.22,0
337,65.741,131.5,0
338,58.783,140.41,0
339,52.277,148.07,0
340,45.473,156.32,0
341,38.438,164.4,0
342,31.689,172.45,0
343,24.94,180.49,0
344,18.19,188.53,0
345,21.782,198.4,0
346,25.373,208.27,0
347,28.964,218.13,0
348,32.555,228,0
349,36.146,237.87,0
350,39.738,247.73,0
351,43.329,257.6,0
352,46.517,267.15,0
353,51.076,276.3,0
354,53.736,286.99,0
355,58.367,297.25,0
356,60.906,307.25,0
357,64.015,316.81,0
358,67.306,326.99,0
359,71.175,336.64,0
360,75.733,345.87,0
361,79.646,356.33,0
362,83.364,365.68,0
363,86.446,375.76,0
364,83.309,393.66,0
365,93.478,395.58,0
366,103.42,397.2,0
367,114.12,399.46,0
368,124.25,400.95,0
369,134.94,403.52,0
370,145.75,404.93,0
371,155.65,406.68,0
372,165.99,408.5,0
373,176.33,410.32,0
374,186.67,412.15,0
375,197.01,413.97,0
376,207.35,415.79,0
377,217.69,417.62,0
378,221.97,30.569,0
379,211.32,29.107,0
380,201.29,26.914,0
381,190.95,25.091,0
382,180.61,23.268,0
383,170.27,21.444,0
384,159.93,19.621,0
385,149.58,17.798,0
386,142.84,25.841,0
387,136.09,33.885,0
388,129.34,41.928,0
389,122.56,49.635,0
390,116.14,57.377,0
391,109.1,65.541,0
392,102.57,74.601,0
393,95.435,81.891,0
394,88.552,90.329,0
395,82.547,98.393,0
396,75.349,106.14,0
397,68.262,113.85,0
398,61.399,121.24,0
399,55.397,130.5,0
400,48.58,138.57,0
401,41.596,146.49,0
402,34.847,154.54,0
403,28.098,162.58,0
404,21.348,170.62,0
405,14.599,178.67,0
406,7.8499,186.71,0
407,11.441,196.58,0
408,15.032,206.44,0
409,18.624,216.31,0
410,22.215,226.18,0
411,25.806,236.04,0
412,29.397,245.91,0
413,32.988,255.78,0
414,36.58,265.64,0
415,40.171,275.51,0
416,43.762,285.38,0
417,47.39,295.54,0
418,51.129,304.91,0
419,54.038,315.2,0
420,57.372,324.68,0
421,61.035,334.85,0
422,64.4,344.54,0
423,69.608,353.91,0
424,72.375,364.37,0
425,76.659,373.46,0
426,79.766,383.67,0
427,76.647,402.03,0
428,87.121,403.66,0
429,97.197,405.6,0
430,107.54,407.43,0
431,117.88,409.25,0
432,128.22,411.07,0
433,138.56,412.9,0
434,148.9,414.72,0
435,159.24,416.54,0
436,169.58,418.37,0
437,179.92,420.19,0
438,190.26,422.01,0
439,200.6,423.84,0
440,210.94,425.66,0
441,221.28,427.48,0
442,217.8,21.42,0
443,208.04,18.871,0
444,197.7,17.048,0
445,187.36,15.224,0
446,177.01,13.401,0
447,166.67,11.578,0
448,156.33,9.7543,0
449,145.99,7.931,0
450,139.24,15.974,0
451,132.49,24.018,0
452,125.75,32.061,0
453,119,40.105,0
454,111.78,47.838,0
455,104.92,55.848,0
456,98.532,63.615,0
457,92.824,72.145,0
458,85.572,79.942,0
459,78.181,89.062,0
460,71.703,96.751,0
461,64.987,104.23,0
462,58.256,111.69,0
463,51.344,120.64,0
464,44.754,128.58,0
465,38.005,136.63,0
466,31.256,144.67,0
467,24.506,152.71,0
468,17.757,160.76,0
469,11.008,168.8,0
470,4.2587,176.84,0
471,-2.4906,184.89,0
472,1.1006,194.75,0
473,4.6918,204.62,0
474,8.283,214.49,0
475,11.874,224.35,0
476,15.465,234.22,0
477,19.057,244.09,0
478,22.648,253.95,0
479,26.239,263.82,0
480,29.83,273.69,0
481,33.422,283.55,0
482,37.013,293.42,0
483,40.604,303.29,0
484,44.195,313.16,0
485,47.33,323.03,0
486,51.155,332.93,0
487,54.55,342.53,0
488,58.506,352.75,0
489,62.265,363.21,0
490,66.143,372.48,0
491,69.107,383.05,0
492,73.063,392.55,0
493,69.767,410,0
494,80.107,411.82,0
495,90.448,413.65,0
496,100.79,415.47,0
497,111.13,417.29,0
498,121.47,419.12,0
499,131.81,420.94,0
500,142.15,422.76,0
501,152.49,424.59,0
502,162.83,426.41,0
503,173.17,428.23,0
504,183.51,430.06,0
505,193.85,431.88,0
506,204.19,433.7,0
507,214.47,435.52,0
508,224.35,437.36,0
509,214.43,10.705,0
510,204.45,9.0041,0
511,194.1,7.1808,0
512,183.76,5.3575,0
513,173.42,3.5341,0
514,163.08,1.7108,0
515,152.74,-0.11246,0
516,142.4,-1.9358,0
517,135.65,6.1077,0
518,128.9,14.151,0
519,122.15,22.195,0
520,115.41,30.238,0
521,108.66,38.282,0
522,101.67,45.934,0
523,95.053,53.93,0
524,88.662,61.698,0
525,81.976,70.05,0
526,75.276,77.678,0
527,68.075,85.9,0
528,61.224,94.872,0
529,54.466,102.38,0
530,48.052,110.14,0
531,41.163,118.72,0
532,34.414,126.76,0
533,27.665,134.8,0
534,20.915,142.85,0
535,14.166,150.89,0
536,7.4167,158.93,0
537,0.66747,166.98,0
538,-2.0574,212.66,0
539,1.5338,222.53,0
540,5.125,232.4,0
541,8.7162,242.26,0
542,12.307,252.13,0
543,15.899,262,0
544,19.49,271.86,0
545,23.081,281.73,0
546,26.672,291.6,0
547,30.263,301.47,0
548,33.855,311.33,0
549,37.446,321.2,0
550,41.037,331.07,0
551,44.628,340.93,0
552,48.308,350.87,0
553,52.156,361.59,0
554,55.793,371.47,0
555,58.912,381.52,0
556,62.84,390.91,0
557,66.205,400.47,0
558,63.018,418.04,0
559,73.358,419.87,0
560,83.698,421.69,0
561,94.039,423.51,0
562,104.38,425.34,0
563,114.72,427.16,0
564,125.06,428.98,0
565,135.4,430.81,0
566,145.74,432.63,0
567,156.08,434.45,0
568,166.42,436.28,0
569,176.76,438.1,0
570,187.1,439.92,0
571,197.44,441.75,0
572,207.78,443.57,0
573,218.12,445.39,0
574,221.53,2.7839,0
575,211.19,0.9606,0
576,200.85,-0.86271,0
577,190.51,-2.686,0
578,180.17,-4.5093,0
579,132.06,-3.7591,0
580,125.31,4.2844,0
581,118.56,12.328,0
582,111.81,20.371,0
583,105.06,28.415,0
584,98.315,36.458,0
585,91.566,44.502,0
586,84.69,52.466,0
587,78.456,60.378,0
588,71.523,67.874,0
589,64.885,75.423,0
590,57.338,84.081,0
591,51.35,92.193,0
592,44.321,100.81,0
593,37.572,108.85,0
594,30.823,116.89,0
595,24.073,124.94,0
596,17.324,132.98,0
597,10.575,141.02,0
598,3.8255,149.07,0
599,-2.9237,157.11,0
600,-1.6243,240.44,0
601,1.9669,250.31,0
602,5.5581,260.17,0
603,9.1493,270.04,0
604,12.741,279.91,0
605,16.332,289.78,0
606,19.923,299.64,0
607,23.514,309.51,0
608,27.105,319.38,0
609,30.697,329.24,0
610,34.288,339.11,0
611,37.879,348.98,0
612,41.47,358.84,0
613,44.699,368.36,0
614,48.393,378.59,0
615,51.91,388.73,0
616,56.275,398.52,0
617,59.426,408.18,0
618,56.268,426.09,0
619,66.609,427.91,0
620,76.949,429.73,0
621,87.29,431.56,0
622,97.63,433.38,0
623,107.97,435.2,0
624,118.31,437.03,0
625,128.65,438.85,0
626,138.99,440.67,0
627,149.33,442.5,0
628,159.67,444.32,0
629,170.01,446.14,0
630,180.35,447.97,0
631,190.69,449.79,0
632,201.03,451.61,0
633,211.38,453.44,0
634,114.97,2.4611,0
635,108.22,10.505,0
636,101.47,18.548,0
637,94.724,26.591,0
638,87.975,34.635,0
639,81.226,42.678,0
640,74.531,50.221,0
641,67.25,58.775,0
642,60.592,66.336,0
643,54.295,74.295,0
644,47.42,82.44,0
645,40.73,90.939,0
646,33.981,98.983,0
647,27.231,107.03,0
648,20.482,115.07,0
649,13.733,123.11,0
650,6.9836,131.16,0
651,0.23431,139.2,0
652,-4.7823,258.35,0
653,-1.1911,268.22,0
654,2.4001,278.09,0
655,5.9913,287.95,0
656,9.5825,297.82,0
657,13.174,307.69,0
658,16.765,317.55,0
659,20.356,327.42,0
660,23.947,337.29,0
661,27.539,347.15,0
662,31.13,357.02,0
663,34.721,366.89,0
664,38.312,376.75,0
665,41.903,386.62,0
666,45.114,396.14,0
667,49.086,406.35,0
668,52.677,416.22,0
669,49.519,434.13,0
670,59.859,435.95,0
671,70.2,437.78,0
672,80.54,439.6,0
673,90.881,441.42,0
674,101.22,443.25,0
675,111.56,445.07,0
676,121.9,446.89,0
677,132.24,448.72,0
678,142.58,450.54,0
679,152.92,452.36,0
680,163.26,454.19,0
681,104.63,0.63778,0
682,97.882,8.6812,0
683,91.133,16.725,0
684,84.384,24.768,0
685,77.634,32.812,0
686,70.885,40.855,0
687,64.073,49.012,0
688,57.137,56.894,0
689,50.634,64.931,0
690,43.888,73.029,0
691,37.139,81.072,0
692,30.389,89.116,0
693,23.64,97.159,0
694,16.891,105.2,0
695,10.142,113.25,0
696,3.3924,121.29,0
697,-3.3569,129.33,0
698,-4.3492,286.13,0
699,-0.75798,296,0
700,2.8332,305.86,0
701,6.4244,315.73,0
702,10.016,325.6,0
703,13.607,335.46,0
704,17.198,345.33,0
705,20.789,355.2,0
706,24.381,365.06,0
707,27.972,374.93,0
708,31.563,384.8,0
709,35.154,394.66,0
710,38.745,404.53,0
711,42.337,414.4,0
712,45.928,424.26,0
713,42.77,442.17,0
714,53.11,444,0
715,63.451,445.82,0
716,73.791,447.64,0
717,84.132,449.47,0
718,94.472,451.29,0
719,104.81,453.11,0
720,115.15,454.94,0
721,94.291,-1.1855,0
722,87.542,6.8579,0
723,80.792,14.901,0
724,74.043,22.945,0
725,67.294,30.988,0
726,60.545,39.032,0
727,53.783,46.801,0
728,46.958,54.813,0
729,40.297,63.162,0
730,33.548,71.206,0
731,26.798,79.249,0
732,20.049,87.293,0
733,13.3,95.336,0
734,6.5504,103.38,0
735,-0.19884,111.42,0
736,-3.916,313.91,0
737,-0.32483,323.77,0
738,3.2664,333.64,0
739,6.8576,343.51,0
740,10.449,353.37,0
741,14.04,363.24,0
742,17.631,373.11,0
743,21.222,382.97,0
744,24.814,392.84,0
745,28.405,402.71,0
746,31.996,412.57,0
747,35.587,422.44,0
748,39.179,432.31,0
749,36.02,450.22,0
750,46.361,452.04,0
751,56.701,453.86,0
752,83.95,-3.0088,0
753,77.201,5.0346,0
754,70.452,13.078,0
755,63.703,21.122,0
756,56.953,29.165,0
757,50.204,37.209,0
758,43.455,45.252,0
759,36.706,53.295,0
760,29.956,61.339,0
761,23.207,69.382,0
762,16.458,77.426,0
763,9.7085,85.469,0
764,2.9592,93.513,0
765,-3.7901,101.56,0
766,-3.4829,341.68,0
767,0.10833,351.55,0
768,3.6995,361.42,0
769,7.2908,371.28,0
770,10.882,381.15,0
771,14.473,391.02,0
772,18.064,400.88,0
773,21.656,410.75,0
774,25.247,420.62,0
775,28.838,430.48,0
776,32.429,440.35,0
777,73.61,-4.8321,0
778,66.861,3.2113,0
779,60.111,11.255,0
780,53.362,19.298,0
781,46.613,27.342,0
782,39.864,35.385,0
783,33.114,43.429,0
784,26.365,51.472,0
785,19.616,59.516,0
786,12.867,67.559,0
787,6.1173,75.603,0
788,-0.63199,83.646,0
789,-3.0497,369.46,0
790,0.54148,379.33,0
791,4.1327,389.19,0
792,7.7239,399.06,0
793,11.315,408.93,0
794,14.906,418.79,0
795,18.498,428.66,0
796,22.089,438.53,0
797,25.68,448.39,0
798,56.52,1.388,0
799,49.771,9.4315,0
800,43.022,17.475,0
801,36.272,25.518,0
802,29.523,33.562,0
803,22.774,41.605,0
804,16.025,49.649,0
805,9.2753,57.692,0
806,2.5261,65.736,0
807,-4.2232,73.779,0
808,-2.6166,397.24,0
809,0.97463,407.1,0
810,4.5658,416.97,0
811,8.1571,426.84,0
812,11.748,436.7,0
813,15.339,446.57,0
814,46.18,-0.43528,0
815,39.43,7.6082,0
816,32.681,15.652,0
817,25.932,23.695,0
818,19.183,31.739,0
819,12.433,39.782,0
820,5.6841,47.826,0
821,-1.0651,55.869,0
822,-2.1834,425.01,0
823,1.4078,434.88,0
824,4.999,444.75,0
825,8.5902,454.61,0
826,35.839,-2.2586,0
827,29.09,5.7849,0
828,22.341,13.828,0
829,15.591,21.872,0
830,8.8422,29.915,0
831,2.0929,37.959,0
832,-4.6564,46.002,0
833,-1.7503,452.79,0
834,25.499,-4.0819,0
835,18.75,3.9616,0
836,12,12.005,0
837,5.251,20.049,0
838,-1.4983,28.092,0
839,8.409,2.1383,0
840,1.6598,10.182,0
841,-1.9315,0.31496,0
842,274.67,105.49,0
843,267.98,97.567,0
844,304.19,324.22,0
845,315.75,323.37,0
846,351.05,223.06,0
847,355.03,213.83,0
848,359.54,203.49,0
849,362.91,194.02,0
850,354.2,185.91,0
851,347.95,176.75,0
852,340.59,169.43,0
853,334.42,160.28,0
854,328.37,152.25,0
855,302.37,123.69,0
856,295.64,113.64,0
857,287.01,105.94,0
858,278.75,95.921,0
859,272.47,88.016,0
860,261.93,89.303,0
861,251.26,91.005,0
862,241.38,96.053,0
863,231.33,95.721,0
864,289.48,335.9,0
865,299.84,333.41,0
866,311.98,332.83,0
867,321.93,331.3,0
868,325.86,321.96,0
869,328.13,308.44,0
870,331.87,297.8,0
871,335.79,288.39,0
872,340.26,279.38,0
873,344.12,269.77,0
874,353.46,241.27,0
875,356.72,231.76,0
876,361.19,222.34,0
877,365.45,212.58,0
878,369.67,202.52,0
879,372.67,191.62,0
880,366.09,184.01,0
881,358.07,176.32,0
882,351.97,167.54,0
883,344.46,160,0
884,339.06,151.2,0
885,333.18,142.96,0
886,324.56,133.54,0
887,316.67,126.53,0
888,310.86,118.31,0
889,305.11,110.06,0
890,296.65,101.63,0
891,288.77,95.064,0
892,283.42,86.52,0
893,276.98,78.8,0
894,266.93,79.286,0
895,256.1,80.96,0
896,246.05,82.412,0
897,235.74,85.958,0
898,233.79,354.65,0
899,246.32,352.55,0
900,256.42,351.22,0
901,275.9,345.44,0
902,285.96,345.32,0
903,295.92,344.03,0
904,306.86,341.7,0
905,318.48,340.78,0
906,328.42,339.28,0
907,332.04,329.9,0
908,335.86,316.78,0
909,338.39,306.88,0
910,342.11,297.13,0
911,346.63,288.1,0
912,350.37,278.08,0
913,355.29,268.54,0
914,358.68,259.08,0
915,360.82,249.25,0
916,364.13,239.39,0
917,368.01,230,0
918,371.7,220.46,0
919,375.46,210.85,0
920,379.19,199.28,0
921,383.19,190.02,0
922,376.43,181.97,0
923,368.98,173.54,0
924,361.96,166.24,0
925,355.7,158.21,0
926,349.59,150.23,0
927,343.33,141.75,0
928,336.29,133.23,0
929,328.72,124.39,0
930,321.93,116.6,0
931,315.28,107.97,0
932,307.54,100.31,0
933,300.84,92.495,0
934,294.04,84.25,0
935,287.43,76.672,0
936,281.43,68.603,0
937,271.26,70.212,0
938,260.22,71.791,0
939,249.42,72.941,0
940,237.97,75.451,0
941,228.23,77.921,0
942,229.43,364.64,0
943,241.62,361.44,0
944,252.04,360.82,0
945,262.11,359.51,0
946,272.76,358.17,0
947,282.36,355.2,0
948,293.33,355.02,0
949,303.34,352.04,0
950,313.88,349.8,0
951,325.09,348.76,0
952,335.19,346.71,0
953,338.81,337.33,0
954,341.28,325.94,0
955,345.82,315.36,0
956,349.24,305.85,0
957,352.53,296.24,0
958,356.85,286.53,0
959,360.88,276.9,0
960,365.22,266.92,0
961,368.52,257.01,0
962,371.43,247.24,0
963,375.28,237.72,0
964,378.33,228.02,0
965,381.87,218.59,0
966,385.34,207.98,0
967,389.76,197.81,0
968,392.91,187.47,0
969,386.59,179.56,0
970,379.77,171.47,0
971,371.76,163.88,0
972,365.51,156,0
973,359.41,147.1,0
974,353.08,139.28,0
975,346.15,131.28,0
976,339.06,123.04,0
977,332.12,114.63,0
978,325.52,106.98,0
979,318.66,98.501,0
980,312.12,90.703,0
981,304.82,83.262,0
982,297.75,74.906,0
983,291.39,66.405,0
984,284.78,58.832,0
985,274.83,60.253,0
986,264.62,62.275,0
987,253.65,63.821,0
988,242.26,65.885,0
989,231.22,67.418,0
990,229.11,374.69,0
991,239.04,373,0
992,248.84,370.7,0
993,259.33,369.17,0
994,269.34,367.62,0
995,279.37,366.09,0
996,289.83,364.57,0
997,300.23,362.32,0
998,310.46,359.94,0
999,321.89,358.58,0
1000,331.97,356.23,0
1001,342.08,354.07,0
1002,346.19,344.43,0
1003,348.99,334.5,0
1004,352.2,324.52,0
1005,355.78,313.49,0
1006,359.11,303.89,0
1007,363.24,294.3,0
1008,366.91,284.94,0
1009,371.35,275.63,0
1010,375.32,265.27,0
1011,378.48,255.72,0
1012,381.38,245.78,0
1013,385.1,235.56,0
1014,388.54,226.11,0
1015,391.92,215.58,0
1016,395.59,206.22,0
1017,399.59,195.73,0
1018,403.09,185.74,0
1019,396.41,177.42,0
1020,389.68,169.68,0
1021,381.98,161.66,0
1022,375.34,153.86,0
1023,369.36,145.69,0
1024,362.99,137.63,0
1025,356.43,129.76,0
1026,349,121.59,0
1027,342.58,113.62,0
1028,335.66,105.22,0
1029,329.55,96.662,0
1030,322.01,88.924,0
1031,315.44,80.9,0
1032,307.93,73.005,0
1033,301.3,64.677,0
1034,294.63,56.818,0
1035,288.28,48.996,0
1036,278.18,50.775,0
1037,268.14,52.746,0
1038,257.34,54.369,0
1039,246.99,56.292,0
1040,235.77,57.877,0
1041,235.83,382.7,0
1042,245.72,380.69,0
1043,255.53,378.48,0
1044,265.99,377.1,0
1045,276.44,375.71,0
1046,286.41,374.02,0
1047,296.83,371.79,0
1048,306.87,369.88,0
1049,317.77,367.75,0
1050,329.12,366.07,0
1051,338.87,363.59,0
1052,348.99,361.49,0
1053,352.69,352.14,0
1054,356.02,342.32,0
1055,358.79,332.24,0
1056,362.87,322.01,0
1057,366.21,312.41,0
1058,369.44,302.26,0
1059,373.69,292.69,0
1060,377.97,283.21,0
1061,381.19,273.44,0
1062,385.47,263.79,0
1063,388.43,253.21,0
1064,391.84,243.02,0
1065,395.55,233.61,0
1066,398.74,223.87,0
1067,402.7,213.42,0
1068,405.95,203.91,0
1069,409.54,194.05,0
1070,413.13,184.18,0
1071,406.38,176.14,0
1072,399.58,167.88,0
1073,392.4,159.97,0
1074,385.81,152.36,0
1075,379.36,144.6,0
1076,373.45,136.46,0
1077,366.32,127.92,0
1078,359.73,120.27,0
1079,352.96,112.35,0
1080,346.38,104.15,0
1081,339.58,95.959,0
1082,332.23,86.677,0
1083,325.51,78.813,0
1084,318.61,71.366,0
1085,312.17,63.635,0
1086,305.39,55.496,0
1087,298.67,47.407,0
1088,291.64,39.398,0
1089,281.3,41.221,0
1090,270.96,43.045,0
1091,260.62,44.868,0
1092,250.22,46.404,0
1093,239.65,48.539,0
1094,229.24,49.715,0
1095,231.46,392.03,0
1096,241.92,390.7,0
1097,251.92,388.6,0
1098,262.32,386.46,0
1099,272.84,385.15,0
1100,283.2,383.55,0
1101,293.7,381.34,0
1102,303.68,379.41,0
1103,314.1,377.22,0
1104,324.66,375.08,0
1105,335.93,373.46,0
1106,345.67,370.99,0
1107,355.65,369.75,0
1108,358.94,360.03,0
1109,362.53,349.99,0
1110,366.05,339.18,0
1111,369.54,329.59,0
1112,372.97,320.02,0
1113,376.71,310.59,0
1114,380.4,300.44,0
1115,385.02,291.24,0
1116,388.38,281.76,0
1117,392.07,271.41,0
1118,395.18,261.21,0
1119,398.42,251.38,0
1120,402.29,241.21,0
1121,405.51,231.69,0
1122,409.1,221.82,0
1123,412.7,211.96,0
1124,416.29,202.09,0
1125,419.88,192.22,0
1126,423.47,182.36,0
1127,416.72,174.31,0
1128,409.97,166.27,0
1129,402.3,158.2,0
1130,395.66,150.39,0
1131,389.79,142.04,0
1132,383.56,133.89,0
1133,376.18,125.98,0
1134,369.81,118.16,0
1135,363.14,110.39,0
1136,356.35,102.89,0
1137,349.4,93.838,0
1138,342.28,85.788,0
1139,335.76,76.841,0
1140,329.02,69.384,0
1141,322.21,61.975,0
1142,315.21,53.316,0
1143,308.64,45.464,0
1144,301.98,37.575,0
1145,295.23,29.531,0
1146,284.89,31.355,0
1147,274.55,33.178,0
1148,264.21,35.001,0
1149,253.87,36.825,0
1150,243.53,38.648,0
1151,233.19,40.471,0
1152,237.95,400.03,0
1153,248.34,398.43,0
1154,258.28,396.39,0
1155,268.22,394.92,0
1156,279.04,393.21,0
1157,290.23,390.77,0
1158,300.48,389.07,0
1159,310.75,387.17,0
1160,320.78,384.83,0
1161,331.4,383.32,0
1162,341.52,381.82,0
1163,351.68,379.23,0
1164,362.02,377.69,0
1165,365.64,368.25,0
1166,369.1,358.81,0
1167,372.74,348.41,0
1168,376.1,338.91,0
1169,380.02,328.58,0
1170,383.39,318.32,0
1171,386.8,308.62,0
1172,390.86,299.42,0
1173,394.95,289.71,0
1174,398.16,279.41,0
1175,401.82,268.98,0
1176,405.08,259.47,0
1177,408.67,249.6,0
1178,412.26,239.73,0
1179,415.85,229.87,0
1180,419.44,220,0
1181,423.04,210.13,0
1182,426.63,200.27,0
1183,430.22,190.4,0
1184,433.81,180.53,0
1185,427.06,172.49,0
1186,420.31,164.45,0
1187,413.56,156.4,0
1188,406.81,148.36,0
1189,399.81,141.15,0
1190,393.76,132.21,0
1191,387.34,123.09,0
1192,380.13,115.97,0
1193,373,107.99,0
1194,366.15,100.64,0
1195,359.33,92.283,0
1196,353.06,84.307,0
1197,346.32,76.374,0
1198,339.62,67.468,0
1199,332.81,60.073,0
1200,325.21,52.385,0
1201,319.07,43.795,0
1202,312.32,35.751,0
1203,305.57,27.708,0
1204,298.82,19.665,0
1205,288.48,21.488,0
1206,278.14,23.311,0
1207,267.8,25.134,0
1208,257.46,26.958,0
1209,247.12,28.781,0
1210,236.78,30.604,0
1211,234.4,409.62,0
1212,244.65,407.79,0
1213,254.99,405.97,0
1214,265.12,404.54,0
1215,275.8,402.81,0
1216,286.6,400.53,0
1217,296.51,398.83,0
1218,307.2,396.58,0
1219,317.45,395.08,0
1220,327.28,392.98,0
1221,338.09,391.33,0
1222,348.76,389.39,0
1223,359.63,387.49,0
1224,369.63,386.17,0
1225,372.26,376.4,0
1226,376.21,367.15,0
1227,378.89,356.53,0
1228,382.66,346.75,0
1229,386.29,337.38,0
1230,390.14,326.54,0
1231,393.79,317.18,0
1232,397.8,307.35,0
1233,401.52,297.31,0
1234,404.71,287.03,0
1235,408.24,277.38,0
1236,411.83,267.51,0
1237,415.42,257.64,0
1238,419.01,247.78,0
1239,422.6,237.91,0
1240,426.19,228.04,0
1241,429.79,218.18,0
1242,433.38,208.31,0
1243,436.97,198.44,0
1244,440.56,188.58,0
1245,444.15,178.71,0
1246,437.4,170.67,0
1247,430.65,162.62,0
1248,423.9,154.58,0
1249,417.15,146.54,0
1250,410.4,138.49,0
1251,403.85,130.87,0
1252,397.37,122.4,0
1253,390.21,113.45,0
1254,383.19,106.25,0
1255,376.29,98.429,0
1256,369.24,90.379,0
1257,362.95,82.523,0
1258,356.37,74.796,0
1259,349.5,65.638,0
1260,342.86,57.909,0
1261,335.07,50.281,0
1262,329.41,41.972,0
1263,322.66,33.928,0
1264,315.91,25.885,0
1265,309.16,17.841,0
1266,302.42,9.7978,0
1267,292.07,11.621,0
1268,281.73,13.444,0
1269,271.39,15.268,0
1270,261.05,17.091,0
1271,250.71,18.914,0
1272,240.37,20.738,0
1273,230.03,22.561,0
1274,230.72,419.48,0
1275,241.06,417.66,0
1276,251.4,415.84,0
1277,261.74,414.01,0
1278,272.08,412.19,0
1279,282.42,410.37,0
1280,292.76,408.54,0
1281,303.1,406.72,0
1282,312.97,404.81,0
1283,323.32,403.39,0
1284,334.15,401.37,0
1285,344.54,399.23,0
1286,356,396.9,0
1287,365.98,395.74,0
1288,376.44,394.35,0
1289,379.41,383.86,0
1290,383.27,374.58,0
1291,386.61,364.76,0
1292,389.54,355.14,0
1293,393.1,345.28,0
1294,397.26,334.21,0
1295,401.08,324.91,0
1296,404.38,314.95,0
1297,407.8,305.16,0
1298,411.4,295.29,0
1299,414.99,285.42,0
1300,418.58,275.55,0
1301,422.17,265.69,0
1302,425.76,255.82,0
1303,429.35,245.95,0
1304,432.94,236.09,0
1305,436.53,226.22,0
1306,440.13,216.35,0
1307,443.72,206.49,0
1308,447.31,196.62,0
1309,450.9,186.75,0
1310,454.49,176.89,0
1311,447.74,168.84,0
1312,440.99,160.8,0
1313,434.24,152.76,0
1314,427.49,144.71,0
1315,420.74,136.67,0
1316,413.99,128.63,0
1317,407.25,120.58,0
1318,400.23,112.66,0
1319,393.66,104.01,0
1320,387.01,96.452,0
1321,380.8,88.498,0
1322,372.74,80.24,0
1323,366.41,72.133,0
1324,359.49,64.538,0
1325,353.25,56.312,0
1326,346.82,48.588,0
1327,339.75,40.148,0
1328,333,32.105,0
1329,326.25,24.061,0
1330,319.51,16.018,0
1331,312.76,7.9745,0
1332,306.01,-0.068995,0
1333,295.67,1.7543,0
1334,285.33,3.5776,0
1335,274.99,5.4009,0
1336,264.64,7.2242,0
1337,254.3,9.0475,0
1338,243.98,10.868,0
1339,234.08,12.643,0
1340,224.07,13.564,0
1341,237.47,427.53,0
1342,247.81,425.7,0
1343,258.15,423.88,0
1344,268.49,422.06,0
1345,278.83,420.23,0
1346,289.17,418.41,0
1347,299.51,416.59,0
1348,309.85,414.76,0
1349,320.19,412.94,0
1350,330.53,411.12,0
1351,340.87,409.29,0
1352,351.21,407.47,0
1353,361.55,405.65,0
1354,371.58,404.08,0
1355,382.46,402.39,0
1356,386.41,392.37,0
1357,389.82,382.2,0
1358,393.23,372.34,0
1359,396.47,362.83,0
1360,399.41,353.21,0
1361,403.64,343.06,0
1362,407.37,332.93,0
1363,410.96,323.07,0
1364,414.55,313.2,0
1365,418.15,303.33,0
1366,421.74,293.47,0
1367,425.33,283.6,0
1368,428.92,273.73,0
1369,432.51,263.86,0
1370,436.1,254,0
1371,439.69,244.13,0
1372,443.28,234.26,0
1373,446.88,224.4,0
1374,450.47,214.53,0
1375,454.06,204.66,0
1376,451.33,158.98,0
1377,444.58,150.93,0
1378,437.83,142.89,0
1379,431.08,134.85,0
1380,424.34,126.8,0
1381,417.59,118.76,0
1382,410.84,110.72,0
1383,404.07,103.12,0
1384,397.48,94.711,0
1385,390.93,86.564,0
1386,383.68,78.864,0
1387,376.86,70.428,0
1388,370.64,62.158,0
1389,363.66,54.672,0
1390,356.85,45.897,0
1391,350.09,38.325,0
1392,343.34,30.282,0
1393,336.59,22.238,0
1394,329.85,14.195,0
1395,323.1,6.1512,0
1396,316.35,-1.8923,0
1397,278.58,-4.4659,0
1398,268.24,-2.6425,0
1399,257.9,-0.81924,0
1400,247.55,1.0041,0
1401,237.21,2.8274,0
1402,234.4,437.4,0
1403,244.28,435.56,0
1404,254.56,433.75,0
1405,264.9,431.92,0
1406,275.24,430.1,0
1407,285.58,428.28,0
1408,295.92,426.45,0
1409,306.26,424.63,0
1410,316.6,422.81,0
1411,326.94,420.98,0
1412,337.28,419.16,0
1413,347.62,417.34,0
1414,357.96,415.51,0
1415,368.3,413.69,0
1416,378.64,411.87,0
1417,388.98,410.04,0
1418,392.67,400.24,0
1419,396.44,389.86,0
1420,400.05,380.48,0
1421,403.74,370.24,0
1422,406.94,360.71,0
1423,410.53,350.84,0
1424,414.12,340.98,0
1425,417.71,331.11,0
1426,421.3,321.24,0
1427,424.89,311.38,0
1428,428.49,301.51,0
1429,432.08,291.64,0
1430,435.67,281.78,0
1431,439.26,271.91,0
1432,442.85,262.04,0
1433,446.44,252.17,0
1434,450.03,242.31,0
1435,453.62,232.44,0
1436,454.92,149.11,0
1437,448.17,141.07,0
1438,441.43,133.02,0
1439,434.68,124.98,0
1440,427.93,116.94,0
1441,421.18,108.89,0
1442,414.43,100.85,0
1443,407.68,92.806,0
1444,400.81,84.55,0
1445,393.66,76.233,0
1446,387.59,68.221,0
1447,380.62,60.949,0
1448,373.67,52.22,0
1449,367.18,44.545,0
1450,360.43,36.502,0
1451,353.68,28.458,0
1452,346.94,20.415,0
1453,340.19,12.371,0
1454,333.44,4.3279,0
1455,326.69,-3.7156,0
1456,230.28,447.26,0
1457,240.62,445.44,0
1458,250.97,443.61,0
1459,261.31,441.79,0
1460,271.65,439.97,0
1461,281.99,438.14,0
1462,292.33,436.32,0
1463,302.67,434.5,0
1464,313.01,432.67,0
1465,323.35,430.85,0
1466,333.69,429.03,0
1467,344.03,427.2,0
1468,354.37,425.38,0
1469,364.71,423.56,0
1470,375.05,421.73,0
1471,385.39,419.91,0
1472,395.73,418.09,0
1473,399.32,408.22,0
1474,402.75,398.77,0
1475,406.51,388.49,0
1476,410.1,378.62,0
1477,413.69,368.75,0
1478,417.28,358.89,0
1479,420.87,349.02,0
1480,424.46,339.15,0
1481,428.05,329.29,0
1482,431.64,319.42,0
1483,435.24,309.55,0
1484,438.83,299.69,0
1485,442.42,289.82,0
1486,446.01,279.95,0
1487,449.6,270.09,0
1488,453.19,260.22,0
1489,451.77,131.2,0
1490,445.02,123.16,0
1491,438.27,115.11,0
1492,431.52,107.07,0
1493,424.77,99.026,0
1494,418.02,90.983,0
1495,411.27,82.939,0
1496,404.85,74.537,0
1497,398.03,67.132,0
1498,390.53,58.608,0
1499,383.67,51.162,0
1500,377.52,42.722,0
1501,370.77,34.678,0
1502,364.03,26.635,0
1503,357.28,18.591,0
1504,350.53,10.548,0
1505,343.78,2.5046,0
1506,247.37,453.48,0
1507,257.71,451.66,0
1508,268.05,449.83,0
1509,278.4,448.01,0
1510,288.74,446.19,0
1511,299.08,444.36,0
1512,309.42,442.54,0
1513,319.76,440.72,0
1514,330.1,438.89,0
1515,340.44,437.07,0
1516,350.78,435.25,0
1517,361.12,433.42,0
1518,371.46,431.6,0
1519,381.8,429.78,0
1520,392.14,427.95,0
1521,402.48,426.13,0
1522,406.07,416.26,0
1523,409.66,406.4,0
1524,413.25,396.53,0
1525,416.85,386.66,0
1526,420.44,376.8,0
1527,424.03,366.93,0
1528,427.62,357.06,0
1529,431.21,347.2,0
1530,434.8,337.33,0
1531,438.39,327.46,0
1532,441.98,317.6,0
1533,445.58,307.73,0
1534,449.17,297.86,0
1535,452.76,288,0
1536,448.61,113.29,0
1537,441.86,105.25,0
1538,435.11,97.203,0
1539,428.36,89.159,0
1540,421.61,81.116,0
1541,414.86,73.072,0
1542,408.11,65.029,0
1543,401.83,57.059,0
1544,394.78,49.498,0
1545,387.86,40.899,0
1546,381.11,32.855,0
1547,374.37,24.812,0
1548,367.62,16.768,0
1549,360.87,8.7247,0
1550,354.12,0.68125,0
1551,295.48,454.23,0
1552,305.83,452.41,0
1553,316.17,450.58,0
1554,326.51,448.76,0
1555,336.85,446.94,0
1556,347.19,445.11,0
1557,357.53,443.29,0
1558,367.87,441.47,0
1559,378.21,439.64,0
1560,388.55,437.82,0
1561,398.89,436,0
1562,409.23,434.17,0
1563,412.82,424.31,0
1564,416.41,414.44,0
1565,420,404.57,0
1566,423.6,394.71,0
1567,427.19,384.84,0
1568,430.78,374.97,0
1569,434.37,365.11,0
1570,437.96,355.24,0
1571,441.55,345.37,0
1572,445.14,335.51,0
1573,448.73,325.64,0
1574,452.32,315.77,0
1575,452.2,103.42,0
1576,445.45,95.38,0
1577,438.7,87.336,0
1578,431.95,79.293,0
1579,425.2,71.249,0
1580,418.45,63.206,0
1581,411.7,55.162,0
1582,405.12,46.7,0
1583,398.2,39.075,0
1584,391.46,31.032,0
1585,384.71,22.988,0
1586,377.96,14.945,0
1587,371.21,6.9014,0
1588,364.46,-1.1421,0
1589,343.6,454.98,0
1590,353.94,453.16,0
1591,364.28,451.33,0
1592,374.62,449.51,0
1593,384.96,447.69,0
1594,395.3,445.86,0
1595,405.64,444.04,0
1596,415.98,442.22,0
1597,419.57,432.35,0
1598,423.16,422.48,0
1599,426.75,412.62,0
1600,430.34,402.75,0
1601,433.94,392.88,0
1602,437.53,383.02,0
1603,441.12,373.15,0
1604,444.71,363.28,0
1605,448.3,353.42,0
1606,451.89,343.55,0
1607,449.04,85.513,0
1608,442.29,77.469,0
1609,435.54,69.426,0
1610,428.79,61.382,0
1611,422.04,53.339,0
1612,415.29,45.295,0
1613,408.55,37.252,0
1614,401.8,29.209,0
1615,395.05,21.165,0
1616,388.3,13.122,0
1617,381.55,5.0781,0
1618,374.8,-2.9654,0
1619,402.05,453.91,0
1620,412.39,452.08,0
1621,422.73,450.26,0
1622,426.32,440.39,0
1623,429.91,430.53,0
1624,433.5,420.66,0
1625,437.09,410.79,0
1626,440.68,400.93,0
1627,444.28,391.06,0
1628,447.87,381.19,0
1629,451.46,371.33,0
1630,452.63,75.646,0
1631,445.88,67.603,0
1632,439.13,59.559,0
1633,432.38,51.516,0
1634,425.63,43.472,0
1635,418.89,35.429,0
1636,412.14,27.385,0
1637,405.39,19.342,0
1638,398.64,11.298,0
1639,391.89,3.2548,0
1640,385.14,-4.7887,0
1641,433.07,448.44,0
1642,436.66,438.57,0
1643,440.25,428.7,0
1644,443.84,418.84,0
1645,447.43,408.97,0
1646,451.03,399.1,0
1647,454.62,389.24,0
1648,449.47,57.736,0
1649,442.72,49.692,0
1650,435.98,41.649,0
1651,429.23,33.605,0
1652,422.48,25.562,0
1653,415.73,17.518,0
1654,408.98,9.475,0
1655,402.23,1.4315,0
1656,443.41,446.61,0
1657,447,436.75,0
1658,450.59,426.88,0
1659,454.18,417.01,0
1660,453.07,47.869,0
1661,446.32,39.826,0
1662,439.57,31.782,0
1663,432.82,23.739,0
1664,426.07,15.695,0
1665,419.32,7.6517,0
1666,412.57,-0.39181,0
1667,450.16,454.66,0
1668,453.75,444.79,0
1669,449.91,29.959,0
1670,443.16,21.915,0
1671,436.41,13.872,0
1672,429.66,5.8283,0
1673,422.91,-2.2151,0
1674,453.5,20.092,0
1675,446.75,12.049,0
1676,440,4.005,0
1677,433.25,-4.0384,0
1678,450.34,2.1817,0
1679,225.45,224.72,1
1680,287.8,261.6,1
1681,341.08,224.37,1
1682,281.79,197.23,1
1683,168.33,251.74,1
1684,172.68,189.3,1
1685,224.67,114.88,1
1686,183.04,134.29,1
1687,167.7,305.96,1
1688,125.2,215.8,1
1689,281.53,143.47,1
1690,292.69,326.35,1
1691,219.27,288.28,1
1692,208.83,342.51,1
1693,115.09,270.1,1
1694,130.75,152.71,1
1695,235.19,297.69,1
1696,240.83,288.94,1
1697,125.17,161.08,1
1698,119.45,279.15,1
1699,330.48,169.53,1
1700,298.61,315.83,1
1701,240.84,233.63,1
1702,114.05,214.94,1
1703,161.81,314.67,1
1704,177.92,124.4,1
1705,246.41,298.04,1
1706,276.84,134.47,1
1707,271.18,143.14,1
1708,287.79,207.04,1
1709,235.38,170.19,1
1710,178.1,197.87,1
1711,178.37,252.28,1
1712,183.79,189.41,1
1713,172.93,242.55,1
1714,214.71,279.18,1
1715,288.53,317.19,1
1716,235.62,242.86,1
1717,336.28,233.2,1
1718,330.02,225.2,1
1719,292.51,251.92,1
1720,218.78,343.93,1
1721,214.11,333.51,1
1722,298.04,261.43,1
1723,324.4,161.51,1
1724,157.65,305.11,1
1725,120.15,206.95,1
1726,188.17,125.25,1
1727,172.9,133.61,1
1728,119.65,224.58,1
1729,171.84,315.33,1
1730,277.02,206.74,1
1731,292.81,198.32,1
1732,345.04,214.93,1
1733,335.05,216.32,1
1734,235.99,224.52,1
1735,214.53,224.73,1
1736,282.51,253,1
1737,346.6,233.92,1
1738,293.4,270.35,1
1739,135.59,161.81,1
1740,125.56,271.07,1
1741,235.07,115.34,1
1742,172.99,260.82,1
1743,167.1,198.24,1
1744,286.88,133.52,1
1745,208.61,288.91,1
1746,162.67,243.43,1
1747,177.03,180.24,1
1748,277.66,261.93,1
1749,283.03,270.44,1
1750,219.95,161.35,1
1751,276.83,152.35,1
1752,240.22,306.39,1
1753,240.27,179.9,1
1754,287.66,188.3,1
1755,271.74,197.44,1
1756,309.22,315.01,1
1757,220.19,216.15,1
1758,239.06,345.55,1
1759,282.23,325.9,1
1760,250.37,343.1,1
1761,251.21,289.21,1
1762,193.04,135.3,1
1763,163.17,296.52,1
1764,130.22,206.88,1
1765,277.61,187.95,1
1766,178.3,143.58,1
1767,130.6,224.32,1
1768,177.72,306.69,1
1769,162.82,260.85,1
1770,157.73,252.18,1
1771,162.05,188.72,1
1772,166.92,179.92,1
1773,265.75,134.55,1
1774,214.79,297.28,1
1775,230.61,161.34,1
1776,335.12,178.46,1
1777,245.66,242.52,1
1778,292.87,306.64,1
1779,189.02,144.53,1
1780,135.43,215.5,1
1781,173.19,297.19,1
1782,287.38,151.68,1
1783,292.31,142.92,1
1784,229.93,179.18,1
1785,188.68,198.4,1
1786,183.11,243.32,1
1787,318.13,169.66,1
1788,235,188.46,1
1789,109.61,224.12,1
1790,103.99,214.84,1
1791,109.92,205.55,1
1792,167.82,124.4,1
1793,172.86,115.7,1
1794,183.46,116.02,1
1795,165.17,324.83,1
1796,154.28,323.44,1
1797,150.37,314.18,1
1798,220.16,104.89,1
1799,130.08,170.25,1
1800,119.7,169.89,1
1801,131.09,279.77,1
1802,124.67,288.29,1
1803,246.66,224.29,1
1804,204.1,332.55,1
1805,121.65,261.8,1
1806,140.97,153.32,1
1807,324.87,177.88,1
1808,303.52,306.44,1
1809,198.23,341.38,1
1810,110.83,260.99,1
1811,137.07,143.63,1
1812,282.91,215.99,1
1813,329.9,280.24,1
1814,251.41,234.27,1
1815,224.76,279.26,1
1816,297.82,207.85,1
1817,281.28,125.18,1
1818,271.25,125.91,1
1819,251.15,306.92,1
1820,257.36,297.83,1
1821,245.42,279.98,1
1822,235.38,279.49,1
1823,325.13,234.15,1
1824,225.07,152.71,1
1825,188.29,179.41,1
1826,194,189.06,1
1827,204.29,279.23,1
1828,209.39,269.89,1
1829,166.94,234.33,1
1830,176.93,233.26,1
1831,303.14,252.36,1
1832,219.43,269.31,1
1833,333.99,270.36,1
1834,183.77,260.76,1
1835,172.36,207.81,1
1836,214.8,170.2,1
1837,246.19,171.02,1
1838,240.75,161.33,1
1839,235.54,152.57,1
1840,293.38,216.87,1
1841,266.36,153.02,1
1842,261.2,144.39,1
1843,182.5,207.03,1
1844,188.45,251.83,1
1845,324.99,216.04,1
1846,303.42,271.16,1
1847,340.6,242.28,1
1848,287.79,242.99,1
1849,282.53,307.25,1
1850,277.58,316.41,1
1851,319.95,225.54,1
1852,308.1,261.38,1
1853,241.44,252.77,1
1854,266.98,206.31,1
1855,272.86,215.89,1
1856,330.02,242.98,1
1857,208.95,234.67,1
1858,219.98,233.17,1
1859,209.28,216.15,1
1860,220.47,125.45,1
1861,230.45,124.28,1
1862,225.43,134.41,1
1863,298.22,243.59,1
1864,240.59,106.23,1
1865,167.69,142.21,1
1866,162.78,133.27,1
1867,125.39,232.91,1
1868,114.99,233.48,1
1869,182.84,315.37,1
1870,176.47,324.25,1
1871,224.15,333.85,1
1872,228.83,343.58,1
1873,214.17,115.52,1
1874,146.91,304.74,1
1875,153,296.19,1
1876,115.91,197.47,1
1877,125.97,197.77,1
1878,194.25,117.21,1
1879,198.23,126.44,1
1880,297.69,188.94,1
1881,325.06,289.14,1
1882,230.8,233.23,1
1883,302.85,198.68,1
1884,287.74,279.32,1
1885,297.8,279.5,1
1886,338.88,206.98,1
1887,328.59,206.65,1
1888,272.46,253.33,1
1889,318.02,152.25,1
1890,313.03,160.98,1
1891,240.51,124.11,1
1892,204.02,225.21,1
1893,215.22,206.87,1
1894,240.56,215.56,1
1895,230.51,215.73,1
1896,225.26,207.16,1
1897,235.99,206.35,1
1898,245.15,115.19,1
1899,277.02,244.17,1
1900,271.94,270.32,1
1901,150.6,242.09,1
1902,156.89,234.24,1
1903,204.1,298.16,1
1904,198.53,287.93,1
1905,172.93,171.07,1
1906,183.43,170.62,1
1907,215.38,242.51,1
1908,209.9,324.34,1
1909,146.59,162.06,1
1910,140.37,170.65,1
1911,131.73,261.47,1
1912,136.02,270.89,1
1913,296.93,133.43,1
1914,292.25,124.53,1
1915,235.47,133.51,1
1916,260.75,341.86,1
1917,167.83,269.81,1
1918,156.89,197.34,1
1919,214.93,152.64,1
1920,277.45,278.81,1
1921,178.22,269.4,1
1922,161.47,206.72,1
1923,209.77,161.5,1
1924,266.82,261.67,1
1925,266.81,188.38,1
1926,261.69,197.36,1
1927,245.83,334.09,1
1928,235.93,335.96,1
1929,246.44,187.88,1
1930,251.92,179.45,1
1931,282.74,179.3,1
1932,271.68,161.61,1
1933,282.78,160.9,1
1934,293.17,179.9,1
1935,230.54,106.09,1
1936,245.76,315.41,1
1937,256.02,333,1
1938,272,178.79,1
1939,183.16,152.79,1
1940,172.46,153.1,1
1941,183.24,297.68,1
1942,187.81,306.63,1
1943,140.82,224.2,1
1944,135.52,233.3,1
1945,151.92,260.92,1
1946,147,251.76,1
1947,156.76,179.69,1
1948,162.85,170.73,1
1949,272.19,325.38,1
1950,278.13,335.25,1
1951,219.95,324.71,1
1952,261.73,288.65,1
1953,256,280.37,1
1954,199.07,144.5,1
1955,167.9,287.54,1
1956,140.56,206.86,1
1957,203.27,135.26,1
1958,157.71,287.31,1
1959,136.02,197.89,1
1960,157.25,269.59,1
1961,151.56,188.38,1
1962,224.97,189.21,1
1963,194.14,153.29,1
1964,146.23,215.72,1
1965,178.2,288.46,1
1966,240.21,324.95,1
1967,235.72,315.81,1
1968,230.19,307.41,1
1969,250.76,324.43,1
1970,256.83,315.22,1
1971,262.27,306.61,1
1972,260.83,125.78,1
1973,255.55,134.37,1
1974,330.86,187.56,1
1975,342.45,186.25,1
1976,297.95,297.76,1
1977,287.88,297.42,1
1978,219.61,180.71,1
1979,297.9,151.51,1
1980,302.32,141.91,1
1981,251.49,252.67,1
1982,255.94,243.48,1
1983,209.62,104.37,1
1984,267.45,297.71,1
1985,292.83,160.73,1
1986,209.58,306.58,1
1987,220.17,306.6,1
1988,199.88,198.13,1
1989,193.48,207.23,1
1990,214.15,259.93,1
1991,188.06,234.06,1
1992,193.15,242.73,1
1993,193.75,332.38,1
1994,199.01,323.8,1
1995,116.75,252.19,1
1996,126.78,251.42,1
1997,147.76,144.24,1
1998,152.05,153.61,1
1999,308.08,169.79,1
2000,313.27,178.8,1
2001,320.2,186.88,1
2002,231.38,251.97,1
2003,103.8,232.32,1
2004,156.45,123.21,1
2005,170.43,333.4,1
2006,256.68,225.14,1
2007,252.17,215.05,1
2008,246.04,206.54,1
2009,256.6,206.03,1
2010,262.68,215.79,1
2011,124.53,178.76,1
2012,114.06,178.21,1
2013,134.71,289.15,1
2014,126.03,299.42,1
2015,135.81,179.6,1
2016,142.07,279.07,1
2017,240.64,270.83,1
2018,251.49,271.13,1
2019,261.77,271.06,1
2020,266.86,279.75,1
2021,272.85,288.68,1
2022,277.57,297.57,1
2023,272.32,306.88,1
2024,282.89,288.13,1
2025,266.87,316.07,1
2026,293.48,288.74,1
2027,261.32,324.46,1
2028,267.14,334.06,1
2029,314.06,305.55,1
2030,308.06,297.47,1
2031,303.52,288.5,1
2032,308.56,279.8,1
2033,313.47,270.86,1
2034,261.43,235.06,1
2035,267.26,224.73,1
2036,277.42,224.99,1
2037,287.99,225.77,1
2038,188.19,340.8,1
2039,106.69,251.83,1
2040,142.95,135.41,1
2041,241.16,196.68,1
2042,230.21,198.11,1
2043,251.39,196.81,1
2044,256.76,188.31,1
2045,261.97,179.56,1
2046,256.52,170.52,1
2047,250.8,161.76,1
2048,245.59,152.51,1
2049,255.64,152.76,1
2050,260.93,161.48,1
2051,266.57,170.3,1
2052,277.13,170.15,1
2053,287.18,170.25,1
2054,250.86,143.41,1
2055,240.79,143.44,1
2056,245.48,134.48,1
2057,250.43,125.72,1
2058,323.92,270.85,1
2059,319.02,280.27,1
2060,313.83,288.88,1
2061,321.12,298.39,1
2062,139.72,312.55,1
2063,105.05,196.39,1
2064,190.83,106.97,1
2065,303.85,215.92,1
2066,308.49,207,1
2067,275.91,115.46,1
2068,266.01,117.17,1
2069,255.36,116.97,1
2070,251.69,106.42,1
2071,338.52,261.23,1
2072,328.49,261.9,1
2073,318.26,261.77,1
2074,313.18,252.71,1
2075,308.87,243.63,1
2076,298.58,225.48,1
2077,225.42,241.99,1
2078,314.26,234.53,1
2079,319.63,243.03,1
2080,325.23,251.97,1
2081,335.27,251.55,1
2082,345.43,251.28,1
2083,193.42,279.09,1
2084,198.57,270.47,1
2085,204.13,260.83,1
2086,194.05,170.54,1
2087,198.47,179.61,1
2088,204.24,189.07,1
2089,161.73,225.15,1
2090,172.1,224.12,1
2091,183.43,225.14,1
2092,178.17,216.11,1
2093,188.68,216.06,1
2094,166.33,215.85,1
2095,208.6,180.01,1
2096,214.29,189.24,1
2097,204.21,170.68,1
2098,193.83,260.71,1
2099,199.03,252.12,1
2100,188.33,269.99,1
2101,264.57,107.06,1
2102,318.54,206.72,1
2103,313.92,215.95,1
2104,309.52,225.38,1
2105,303.64,234.19,1
2106,293.54,234.7,1
2107,281.49,234.79,1
2108,271.47,235.6,1
2109,266.98,244.68,1
2110,261.53,253.12,1
2111,256.26,261.71,1
2112,246.24,262.48,1
2113,162.4,152.44,1
2114,157.64,142.34,1
2115,152.57,132.49,1
2116,130.3,242.01,1
2117,119.44,242.5,1
2118,108.92,241.5,1
2119,192.97,315.73,1
2120,187.74,324.31,1
2121,181.27,333.08,1
2122,135.34,303.23,1
2123,142.18,295.87,1
2124,147.66,287.43,1
2125,111.3,188.52,1
2126,121.35,188.85,1
2127,131.4,188.64,1
2128,200.68,108.97,1
2129,204.27,118.36,1
2130,209.18,127.13,1
2131,215.31,135.17,1
2132,209.75,144.01,1
2133,204.8,152.76,1
2134,199.49,161.81,1
2135,188.71,162.02,1
2136,178.65,161.77,1
2137,168.19,162.2,1
2138,158.16,161.59,1
2139,152.8,170.37,1
2140,146.25,178.81,1
2141,141.52,187.89,1
2142,146.73,197.5,1
2143,151.04,206.74,1
2144,156.28,216.03,1
2145,151.68,224.97,1
2146,145.66,233.02,1
2147,140.48,242.44,1
2148,136.95,251.86,1
2149,141.76,260.71,1
2150,146.88,270.24,1
2151,152.72,278.56,1
2152,162.95,278.73,1
2153,173.28,279.05,1
2154,183.33,279.36,1
2155,188.55,289.15,1
2156,193.69,298.09,1
2157,198.27,307.19,1
2158,204.3,315.25,1
2159,214.65,315.27,1
2160,203.44,243.08,1
2161,209.8,250.87,1
2162,220.84,251.99,1
2163,198.91,233.91,1
2164,193.97,225.16,1
2165,199.23,216.36,1
2166,203.89,207.41,1
2167,209.95,198.3,1
2168,312.78,197.11,1
2169,322.83,197.07,1
2170,332.92,197.57,1
2171,342.97,197.44,1
2172,308.73,187.91,1
2173,303.22,179.5,1
2174,297.94,169.62,1
2175,302.97,160.92,1
2176,307.96,152.2,1
2177,230.75,143.74,1
2178,224.74,315.87,1
2179,224.92,170.09,1
2180,225.34,261.18,1
2181,312.31,143.13,1
2182,308.69,132.64,1
2183,220,197.95,1
2184,225.02,297.79,1
2185,230.4,288.85,1
2186,236.08,261.28,1
2187,230.59,270.56,1
2188,220.69,143.66,1
2189,230.18,325.73,1
2190,143.7,322,0
2191,180.81,106.08,0
2192,99.797,204.96,0
2193,197.41,99.13,0
2194,101.74,185.43,0
2195,128.94,311.08,0
2196,181.28,348.1,0
2197,191.84,350.69,0
2198,140.18,125.73,0
2199,132.95,134.46,0
2200,96.833,249.59,0
2201,100.27,259.64,0
2202,349.28,205.26,0
2203,352.9,195.87,0
2204,285.93,116.27,0
2205,257.97,98.572,0
2206,319.68,313.89,0
2207,322.87,143.45,0
2208,348.78,260.85,0
2209,266.87,349.84,0
